-23.786148 -16.420282 -48.229988
-20.396912 -12.622053 -49.394562
-23.783207 -9.689573 -49.930054
-15.800093 -10.141426 -48.594055
-20.002115 -22.548090 -46.172775
-30.334402 -19.718163 -45.430111
-27.396872 -19.596577 -46.544811
-23.536985 -19.819441 -46.959457
-20.336811 -20.010075 -47.192352
-16.767815 -19.720238 -46.679176
-29.955103 -16.385382 -47.107235
-27.889812 -16.514002 -47.133274
-20.110569 -16.442640 -48.200130
-16.448410 -16.699795 -47.412849
-13.529147 -16.405663 -47.259239
-35.702847 -12.386020 -45.147610
-33.936966 -12.513238 -46.210732
-29.944088 -12.560177 -47.197044
-27.496243 -12.727137 -48.132023
-23.977119 -12.596711 -48.630154
-20.145435 -12.847064 -46.920708
-12.807314 -13.111930 -47.396137
-9.704149 -12.718398 -46.561569
-33.640198 -9.134289 -46.133492
-30.626936 -8.921190 -47.400562
-27.420288 -9.067814 -48.281528
-20.052992 -9.161464 -48.999603
-12.928831 -9.491612 -47.821640
-9.493683 -9.524945 -46.753284
-7.958556 -9.301880 -45.406193
-30.055374 -5.259793 -46.720917
-27.120520 -4.877913 -48.084263
-23.835712 -5.082419 -47.432720
-20.021643 -5.169733 -48.655556
-16.576967 -5.792709 -47.751953
-12.977015 -6.090920 -47.705605
-10.305445 -6.504159 -46.746964
-27.105272 -1.878712 -46.523590
-23.944715 -2.099434 -47.682358
-20.329430 -1.743476 -47.148918
-16.629755 -1.900172 -47.323654
-13.069265 -2.469976 -46.643593
-20.032549 -25.838306 -43.115608
-30.280787 -22.984219 -43.162029
-27.214211 -23.416567 -43.741081
-23.855099 -23.710838 -43.856464
-16.744041 -23.458670 -44.089203
-12.915039 -23.240583 -43.643974
-10.277787 -22.402441 -42.792210
-33.568928 -19.439606 -43.188908
-11.873021 -19.808933 -44.501541
-8.896863 -19.692671 -43.715408
-36.572720 -15.913729 -42.676018
-34.424362 -16.436218 -44.499569
-9.204810 -16.538691 -44.579388
-38.547890 -12.539969 -41.219696
-37.568459 -12.670850 -42.768551
-6.081568 -12.733372 -43.348850
-37.012756 -9.160524 -43.248081
-5.835159 -9.597781 -43.338749
-34.298199 -5.422415 -44.320053
-6.369446 -6.104930 -43.217613
-33.764160 -1.626849 -43.126858
-31.167904 -1.467315 -44.259594
-9.703901 -2.748822 -44.039055
-27.262016 1.976829 -43.985123
-23.808338 2.086092 -44.791176
-20.215937 1.639537 -45.006294
-16.522177 1.632521 -45.329338
-13.013578 1.121999 -44.211872
-20.018885 -28.990536 -39.356815
-30.303263 -26.291149 -39.729591
-26.938992 -27.283566 -39.893841
-23.739492 -27.339813 -40.410172
-16.350986 -26.986021 -41.037174
-12.927554 -25.880945 -40.998356
-10.658375 -25.311502 -40.137608
-34.322018 -23.464518 -39.474136
-8.348989 -22.776432 -40.688328
-37.124477 -19.566816 -39.556400
-6.229956 -19.670300 -41.256229
-39.157642 -15.852404 -39.497311
-4.873273 -16.071465 -41.221516
-3.046180 -15.988908 -39.470985
-39.382130 -12.491071 -39.748631
-2.267064 -12.848255 -38.591816
-39.441040 -9.381376 -40.516762
-2.094476 -9.192095 -38.985641
-38.095520 -4.646038 -40.700138
-3.190952 -6.127591 -39.350075
-36.733265 -1.236372 -40.421391
-5.872362 -2.282853 -40.492455
-36.000568 1.006247 -39.440784
-34.251778 1.720316 -40.205460
-31.304941 3.244208 -40.699139
-9.663010 1.200921 -41.992405
-30.445185 5.432925 -39.518013
-27.149590 5.347118 -40.882919
-23.698503 5.741667 -41.673851
-20.136150 5.713175 -41.415371
-16.527719 5.146880 -42.467045
-13.127829 4.836402 -41.469025
-29.958029 -28.923151 -35.709213
-26.781969 -29.689142 -36.141621
-23.300478 -30.310768 -36.757935
-19.820684 -30.038877 -37.668106
-16.601355 -29.392159 -37.515488
-33.538555 -26.680321 -36.014305
-9.993793 -26.218287 -38.209969
-37.116013 -23.325731 -35.431393
-6.440058 -23.236841 -37.954216
-38.856747 -19.978693 -35.890381
-4.255683 -20.090734 -38.297001
-2.128359 -19.142372 -35.980305
-39.705078 -16.227270 -36.352684
-0.460164 -15.730690 -35.237125
-39.957458 -12.446911 -36.960106
-0.709281 -12.691541 -35.072899
-40.293327 -8.837272 -37.235519
-1.461735 -8.973471 -35.752071
-40.187469 -4.942307 -37.225128
-2.564224 -5.469567 -36.614639
-39.170357 -1.353936 -36.982311
-3.561532 -3.107742 -37.222309
-37.007713 1.758003 -37.370140
-5.876180 0.851704 -37.603729
-33.651054 5.030641 -36.920670
-9.421652 4.733839 -37.985413
-27.026520 8.169273 -37.068237
-23.788496 8.519118 -37.988789
-19.689901 9.049597 -37.378719
-16.464643 8.366294 -38.598869
-13.658712 7.948476 -38.169914
-16.956102 9.983766 -36.901646
-26.590473 -31.601952 -32.559303
-23.399286 -32.093998 -32.788734
-20.462866 -32.066799 -33.623543
-17.068600 -31.387819 -33.933178
-30.799622 -29.761541 -32.569839
-12.934222 -30.020533 -34.226509
-9.774784 -28.579435 -33.773418
-34.204456 -27.707197 -32.371174
-6.592484 -25.618507 -34.280308
-37.338394 -24.076874 -33.331627
-2.508463 -22.398043 -33.597000
-39.975662 -20.273933 -32.716026
-0.825349 -19.545971 -32.551456
-39.768394 -16.739302 -33.276222
0.000949 -16.234076 -33.310303
0.131099 -12.830458 -33.061268
-40.290997 -9.223263 -33.515030
-1.831999 -8.785814 -32.754398
-42.344257 -5.704601 -32.409241
-3.093120 -5.574582 -33.798286
-40.261032 -0.923866 -34.137573
-3.715662 -2.862944 -34.681038
-38.581097 1.771703 -33.745544
-5.449650 1.376420 -34.709515
-33.815453 6.114002 -34.464314
-6.924168 4.649458 -33.543606
-30.476158 7.321663 -35.724827
-27.418856 9.583179 -34.415722
-13.002460 8.671404 -35.193645
-9.874177 7.887657 -33.263695
-23.452629 10.447027 -34.515408
-20.171021 11.228201 -34.494270
-16.817711 10.571577 -34.852280
-26.946163 -31.934628 -30.003302
-23.509827 -32.740841 -30.411812
-20.050571 -32.632507 -30.882853
-16.729525 -31.921761 -31.095991
-30.349239 -30.618269 -29.359297
-12.281596 -30.550390 -30.851410
-10.281534 -29.352673 -30.814653
-35.250999 -27.272766 -29.107729
-5.832138 -26.478434 -30.509892
-38.466267 -23.958916 -29.984867
-1.735662 -22.538662 -29.026304
-41.096577 -20.187393 -28.982027
-0.300522 -19.620594 -29.419161
-41.829697 -16.141539 -29.895771
0.125294 -16.276146 -30.019466
-40.336964 -12.851084 -30.592213
0.277950 -12.438807 -30.354546
-43.368515 -8.340121 -29.158260
-0.246555 -8.863216 -29.894848
-43.605526 -5.003905 -28.315365
-1.664459 -5.578869 -30.438765
-42.584248 -2.343856 -29.494864
-41.225895 -0.153619 -30.103226
-2.948894 -3.157855 -30.934462
27.545267 -1.364655 -28.731033
-39.049698 2.981468 -29.914194
-5.516135 1.134290 -31.901674
24.559544 2.186230 -29.462851
27.651352 2.384062 -30.493666
30.052410 2.436162 -28.853943
-36.776787 5.348766 -29.842419
-6.848401 4.461972 -30.925756
24.339680 4.830681 -30.244848
27.470779 5.416708 -29.925438
-33.592903 7.613504 -30.878462
-31.048323 9.237131 -30.827900
-27.399612 10.476454 -30.543114
-13.395947 9.635848 -32.485600
-9.602827 8.062674 -29.579828
24.007168 8.564030 -30.579475
27.663231 8.859051 -30.323284
-23.124914 11.692946 -31.067390
-19.922405 11.999646 -31.168922
-16.643414 11.461282 -31.449503
20.501692 12.234935 -31.337318
24.551336 11.925952 -31.016329
26.779989 11.768921 -29.641500
16.637875 16.360016 -31.076422
19.644846 16.185293 -31.222382
13.155482 18.990479 -30.627693
15.529992 19.060669 -31.255180
18.712755 18.788792 -30.004993
15.810811 20.481777 -30.142902
-30.443695 -30.731064 -26.018047
-27.129843 -32.084240 -26.789618
-23.338394 -32.832050 -27.270372
-19.971958 -32.789158 -27.561087
-16.484966 -32.351509 -27.838305
-33.117783 -29.235703 -25.821079
-12.347826 -31.064383 -27.284933
-9.142202 -29.496454 -26.615923
-36.531822 -26.460556 -26.424524
-5.452005 -26.863279 -26.461014
-39.315014 -23.460896 -26.758760
-2.200003 -23.353069 -24.855715
-41.189571 -20.363800 -25.478579
0.054747 -19.731853 -26.067219
1.362257 -16.217697 -26.501404
-44.006165 -12.461151 -25.238657
1.791228 -12.594996 -26.843021
20.149708 -9.641974 -21.966434
-44.457130 -8.652700 -24.758423
1.769565 -8.809111 -26.968304
18.425684 -7.983624 -23.320192
20.053650 -8.321571 -23.178907
23.181099 -8.660584 -24.559719
30.009689 -6.994381 -24.004328
-43.675861 -5.154650 -24.640871
1.713074 -6.124394 -26.632187
21.210760 -5.493764 -24.546955
23.772085 -4.868600 -26.117647
27.093065 -5.006836 -25.928055
30.017464 -4.897404 -26.181211
32.315308 -4.054646 -24.056095
-41.995171 -0.982898 -25.665457
-0.968144 -2.961326 -27.737434
24.071032 -1.911817 -27.141899
31.485830 -0.765737 -26.152973
-39.436745 2.764033 -26.064793
-4.125288 1.521661 -28.674482
21.652094 1.917831 -27.209425
31.133686 2.125358 -26.946808
-37.112274 5.408328 -26.726267
-5.447267 4.538800 -27.521933
20.551453 4.935441 -28.116495
31.290352 5.925145 -27.430286
-35.229294 7.108560 -27.097658
-33.816120 8.045625 -27.384989
-30.365480 10.042838 -27.621330
-10.164519 8.691251 -25.718742
19.723803 8.632635 -28.569103
30.888832 9.073206 -27.589209
-26.467739 11.696942 -26.630114
-23.473091 12.262573 -27.293440
-20.590399 12.497706 -27.494164
-16.674683 12.090671 -27.800152
-13.931740 10.895544 -27.530579
16.088097 12.373021 -29.027288
27.158880 14.759735 -27.597492
30.216030 12.039746 -26.753740
13.221253 15.769839 -29.497631
24.020407 16.078901 -28.296732
11.761127 18.950403 -28.772512
19.829235 20.195492 -28.292217
23.650576 18.812677 -27.058134
12.403461 21.656397 -28.813997
16.057617 21.898891 -29.415934
-26.554737 -32.402966 -23.489618
-23.499311 -32.738426 -23.958181
-20.133675 -32.529560 -24.254189
-16.471149 -32.102348 -24.106525
-13.673690 -31.319941 -23.974586
-30.993839 -30.136950 -22.995220
-9.663213 -29.253641 -23.113626
-34.361698 -27.865965 -22.389292
-5.699392 -26.509115 -21.368629
-37.585979 -25.116211 -22.393873
-2.488020 -23.223957 -21.168116
-41.164989 -19.853926 -22.234507
0.904338 -19.838392 -22.573490
-42.736038 -15.677997 -22.033108
2.261764 -16.932068 -23.606726
21.258476 -13.407092 -20.762348
-43.213810 -12.454477 -21.553577
5.792337 -11.762511 -22.527773
20.029701 -10.903418 -21.485283
23.615236 -11.975343 -21.383825
-43.521610 -8.907852 -21.634787
5.724226 -8.758139 -24.085388
9.093741 -8.767726 -22.806894
12.756081 -9.328875 -21.421080
17.128033 -8.535451 -21.881168
27.065950 -9.149992 -23.463270
30.535490 -7.426545 -22.724211
-43.535324 -5.429708 -21.025005
5.857068 -5.241318 -23.387106
17.548868 -5.765644 -22.717787
33.750359 -4.257781 -21.949514
-41.193905 -0.867548 -22.159712
2.169493 -2.468568 -24.574766
4.997641 -2.635286 -23.361441
20.848587 -1.978021 -24.260990
34.017029 -1.399422 -22.708717
-0.917665 1.440472 -24.947361
19.817345 1.628792 -24.692165
32.423229 2.252252 -24.954515
-37.322720 4.904622 -23.210112
-4.790838 5.245063 -24.914995
19.071400 4.774007 -25.014084
33.374416 6.012452 -23.792067
-33.580662 8.050512 -23.494379
-30.960245 9.671087 -23.054966
-8.881836 8.712630 -22.208048
16.965721 9.445426 -25.679867
33.338093 8.934275 -23.660875
-26.724770 11.362514 -23.424540
-23.528126 11.900734 -23.945492
-20.053019 11.878654 -24.032600
-16.624409 11.835560 -24.285725
-13.352552 11.109846 -24.324154
-11.297428 10.025521 -23.248093
13.905871 12.730139 -24.791033
32.542030 12.247092 -23.327444
12.443441 15.566058 -24.696062
30.456015 15.054258 -23.486889
10.960491 18.852358 -24.986811
26.814240 19.017637 -23.992516
15.979138 24.071867 -26.308245
20.017965 23.085577 -25.712929
23.124332 22.268475 -24.358858
-26.628811 -31.260996 -20.055710
-23.344343 -32.073174 -20.684826
-19.815290 -32.033344 -20.673071
-16.810831 -31.571541 -20.753389
-30.072948 -30.055904 -19.880171
-12.763243 -29.941799 -19.676682
-9.552736 -28.070980 -19.017864
-34.104687 -26.883505 -18.464376
-7.379949 -25.877539 -17.765913
-38.312279 -22.897364 -19.030502
-3.426786 -22.898073 -17.529774
-40.416019 -19.999390 -19.214134
-1.421935 -20.977283 -17.344673
-41.452515 -16.285660 -18.247313
3.201443 -17.071239 -21.076967
5.907344 -15.074261 -19.907457
23.551622 -14.175081 -17.686459
-42.139919 -12.672177 -17.769079
9.580151 -12.637874 -19.531700
13.113862 -11.741780 -18.848558
16.374697 -12.212017 -18.510323
19.274998 -12.145185 -19.438030
26.697241 -12.442979 -19.238552
-42.678860 -8.793442 -18.421762
30.786650 -9.169603 -20.052622
-42.609146 -5.190002 -18.298206
13.091063 -5.651066 -22.149256
34.241634 -4.729171 -19.034449
-41.098511 -0.976741 -18.625355
9.847780 -1.314633 -21.748837
13.215559 -1.444449 -22.107697
16.993027 -1.295480 -22.262053
35.097630 -0.452850 -21.054010
-38.459831 2.065441 -19.143320
2.189318 1.259846 -22.965340
5.791897 0.905712 -21.523417
13.678863 0.933665 -20.863693
16.693102 1.556928 -21.973434
34.917843 2.238937 -21.373344
-33.449028 6.782945 -19.290150
-3.817361 6.572040 -21.399925
-0.622554 5.607833 -21.427582
1.211767 4.374250 -21.153250
16.709146 4.727222 -21.782442
35.149406 5.787827 -20.746916
-30.604218 8.823293 -19.276415
-16.604486 9.875939 -19.923426
-8.846743 8.389293 -18.425085
16.561420 8.598545 -22.717819
35.066692 9.089551 -19.890085
-26.894030 10.547112 -20.377598
-23.601030 11.660827 -20.321547
-20.813808 12.029679 -20.718710
-13.520204 10.360212 -20.371874
15.378797 12.396439 -20.740570
33.806717 12.615389 -20.266829
13.028444 16.064236 -19.379450
31.478497 16.125751 -21.168804
11.658390 19.390779 -19.831676
12.963172 22.751858 -21.565847
23.067520 23.987989 -21.748493
25.930517 22.253742 -21.516100
17.120848 25.304949 -21.339079
-25.911362 -30.961905 -16.963924
-19.842937 -31.702604 -17.657280
-27.524113 -28.931055 -15.725255
-23.401718 -30.155260 -16.125095
-20.288519 -30.328768 -15.967857
-16.716616 -29.685785 -16.313026
-10.566681 -27.986145 -16.599342
-30.889223 -26.791534 -15.097719
-12.513461 -27.024874 -14.898345
-9.400943 -25.656633 -15.153666
-7.787597 -25.051874 -16.007631
-37.409622 -22.485935 -16.418751
-34.551388 -24.279182 -15.128635
-5.850089 -22.957376 -14.498680
-37.731838 -20.346235 -15.037037
-1.525927 -20.129099 -13.980298
1.951647 -18.721815 -16.258993
-40.125599 -16.172770 -15.294392
5.744370 -16.572737 -16.491257
9.541713 -14.753555 -16.293283
13.019304 -14.527561 -15.448794
16.462934 -15.365458 -15.360082
19.876732 -16.040352 -15.793709
23.493706 -15.334678 -15.199095
25.032476 -14.397207 -14.869859
-40.944153 -12.809919 -15.590596
27.696417 -12.526052 -15.260880
-41.048504 -8.722958 -14.828225
31.331179 -9.391191 -15.739465
-40.643356 -5.107477 -15.742320
34.774082 -5.394926 -15.969741
-37.653175 -0.639137 -14.821024
-36.534683 2.023071 -15.419873
9.259376 1.564517 -19.985735
35.951939 2.823952 -17.602371
-34.608856 4.744802 -15.948717
5.251449 4.642213 -18.574545
9.522787 5.268893 -16.562391
13.743522 4.460133 -18.352142
36.516083 5.954931 -17.512712
-30.541889 7.148194 -15.876718
-27.615726 7.999573 -16.397079
-23.276585 8.499095 -17.394947
-20.355675 8.314613 -17.325487
-16.899876 8.270090 -16.258751
-12.504433 7.915873 -15.434916
-8.181351 8.215030 -14.901831
-4.499744 8.420904 -16.555220
-1.196966 7.949659 -17.718962
2.006139 7.660517 -17.114649
15.870386 8.480292 -19.461737
36.291992 8.794718 -16.646761
-23.620836 10.962753 -19.161737
14.193088 12.707498 -15.040714
34.705948 12.596341 -16.656227
13.710002 16.195448 -14.764387
32.310192 16.771067 -17.358150
11.626674 19.378172 -15.387835
30.523186 19.977337 -16.860607
12.667465 22.391317 -17.044470
23.861595 24.548613 -17.942081
27.017467 22.966606 -17.089296
29.096630 21.610201 -16.266567
14.890047 24.039717 -17.437284
16.938807 25.125673 -17.547504
19.666349 25.535786 -17.480007
-29.934370 -25.628937 -12.369998
-27.467207 -26.394112 -11.062926
-24.053595 -27.217718 -11.949552
-20.141554 -27.297056 -11.681291
-15.804600 -26.910938 -12.595299
-13.353024 -26.029137 -12.130173
-33.710449 -22.944635 -12.342416
-9.228986 -23.381725 -12.275201
-35.372513 -19.928793 -11.734263
-5.443887 -20.251587 -10.738431
-1.985030 -19.277748 -11.624189
2.142479 -18.688082 -12.676618
19.881001 -17.547567 -11.748800
-37.622646 -16.701557 -11.981858
6.094670 -16.503336 -11.541381
9.555050 -15.916178 -12.033151
13.159927 -15.662050 -12.816895
16.275986 -16.583805 -12.800542
23.296371 -15.610922 -12.062252
-38.410435 -12.997914 -11.954847
27.228472 -12.551559 -12.056459
-38.259579 -8.909085 -11.007923
31.329144 -8.972577 -12.028796
-38.067665 -6.082312 -11.506664
34.630424 -5.687548 -11.775029
-35.385147 -1.149769 -12.160303
-27.524824 -0.888775 -11.790494
37.324501 0.134466 -15.249807
-34.297848 2.024101 -13.097712
-30.712690 2.009364 -13.370123
-27.614573 1.799862 -12.833985
-24.284710 2.277817 -13.103355
36.991581 3.217429 -14.959451
-33.499767 3.573798 -14.687676
-31.118572 4.047315 -13.787297
-26.862343 4.986195 -14.268899
-23.984678 4.874246 -13.954804
-20.489300 4.505122 -13.112137
-17.227352 5.331455 -12.468307
37.147564 5.463817 -13.992735
-12.473663 6.962601 -11.709977
-8.042133 8.127793 -11.195146
-4.417774 8.867637 -12.941484
-1.199409 8.914900 -14.025348
2.258940 9.479383 -13.133919
5.440088 8.918114 -14.151343
8.892058 8.421619 -14.611029
12.361605 8.774155 -13.830883
36.552513 9.532451 -12.981204
12.937623 12.837754 -12.211552
11.388364 16.203388 -10.980693
34.536633 15.434375 -13.716483
10.708823 19.725618 -12.412849
30.675356 20.485271 -13.336634
12.282163 22.923788 -13.117828
23.007608 24.941753 -13.626585
26.439054 23.253178 -12.572665
16.767849 25.426159 -13.871159
19.894258 25.664391 -13.585175
-20.566170 -25.712130 -9.782927
-30.569944 -22.268732 -9.206352
-27.092175 -22.848063 -8.619871
-23.467821 -23.306671 -8.273091
-20.485401 -23.521997 -8.731821
-16.503662 -23.177292 -9.384249
-13.544475 -23.346992 -9.599582
-31.266640 -19.811226 -8.471025
-12.614962 -19.216431 -8.221934
-9.227027 -19.647312 -8.549040
1.714320 -17.908035 -9.939870
16.382689 -17.783678 -8.822315
-34.860970 -15.773460 -8.433532
-31.494242 -16.302284 -7.793442
-5.661243 -17.696548 -7.494010
-1.271255 -17.546534 -8.178819
1.771770 -15.900110 -5.968184
6.033610 -15.985910 -7.567270
9.224344 -16.150011 -8.375928
21.375504 -16.573301 -8.011665
-34.409966 -12.653792 -7.847213
24.666632 -13.689171 -7.654464
-34.870090 -9.267933 -7.862663
27.896952 -10.820396 -8.316831
-33.951099 -5.448475 -9.643618
-31.011627 -5.391628 -8.835919
-27.691870 -6.100927 -8.373649
31.652252 -7.248035 -8.318146
34.466042 -4.705767 -8.764265
37.557175 -2.152678 -10.794024
-33.697266 -2.259521 -9.423591
-31.604706 -2.352604 -10.320838
-24.405981 -2.185220 -9.241339
38.855282 0.251556 -11.076107
-21.073088 1.041084 -9.112117
38.905342 2.994938 -11.351222
-16.445913 4.087710 -9.098707
38.058498 6.410399 -11.401471
-11.887588 6.318301 -8.527437
-8.180595 7.812626 -7.728845
-3.961981 9.227406 -8.483020
37.871372 9.502770 -9.625649
-0.360254 10.448931 -7.967568
2.030272 10.875693 -9.138308
5.150663 12.306351 -8.672439
8.578843 12.521664 -9.914377
36.704449 12.843773 -9.555406
7.828441 16.544914 -8.070112
34.633472 16.171621 -10.182630
35.716629 14.769319 -9.607175
8.488025 19.423649 -8.461433
30.812698 20.365038 -8.785251
32.842537 18.077404 -9.777903
12.009684 23.992640 -9.961351
23.784554 24.587147 -9.728542
26.971567 23.232046 -8.558713
28.749863 22.023918 -8.266211
19.769106 25.992752 -9.998670
-24.038960 -20.021141 -6.630441
-20.548363 -19.856165 -6.558957
-17.276731 -19.705004 -6.840243
-27.505716 -16.716412 -7.287401
-24.536242 -16.917475 -6.157221
-20.790394 -16.477262 -6.107442
-17.076599 -16.718014 -5.455272
-13.615344 -16.447945 -5.528818
-9.727833 -15.514083 -4.370373
-6.126134 -16.615187 -5.399792
-1.763204 -16.192232 -5.336612
5.475472 -15.423374 -4.799530
9.493984 -16.113905 -4.422795
13.046921 -16.811119 -3.608001
18.091606 -17.072073 -5.397268
20.330532 -15.721110 -4.526284
-30.763046 -12.837650 -6.062717
-27.976460 -13.199105 -6.037911
-24.597918 -13.109588 -6.028782
-21.473614 -13.651899 -5.385371
-17.833199 -13.660386 -4.621405
23.647093 -13.561037 -4.584091
26.987022 -11.706346 -3.791365
-30.918867 -8.635472 -6.295243
-27.503672 -10.198277 -6.886889
-24.908472 -9.845811 -6.096872
31.261513 -8.703960 -4.231581
-23.841269 -6.216675 -6.061059
34.295727 -4.409929 -4.895375
-21.127956 -2.818442 -5.705300
37.795158 -1.219806 -6.682855
-17.649811 1.271510 -4.607858
40.658962 2.927856 -5.547201
-12.886525 5.328391 -5.323535
39.186844 6.709827 -8.388918
-7.621571 8.321433 -3.703438
-4.238722 9.856131 -4.570426
38.393196 9.740278 -6.552031
-0.770715 11.664033 -5.016258
1.761690 12.533256 -5.478100
37.136368 12.420088 -5.909239
5.264331 16.868759 -3.831134
34.841099 15.508313 -6.850409
30.912949 20.089352 -4.737502
8.663094 23.159327 -5.028253
23.311897 24.922035 -5.804732
26.817280 23.396753 -5.204909
12.757511 25.973789 -6.249004
16.302427 26.609791 -6.296046
20.049477 26.142033 -6.187367
-2.023960 -14.620469 -2.605439
5.688087 -14.366607 -2.003677
9.245716 -15.349944 -0.502065
12.973982 -15.697923 -0.218271
-13.042187 -12.757161 -1.849602
-9.743473 -12.746156 -0.114099
-5.896921 -13.374295 -0.181407
-2.049517 -12.611497 2.128752
2.200275 -13.389259 -0.711210
17.060406 -13.975141 -0.536181
20.192818 -12.877241 -0.979926
-22.669920 -9.572590 -4.490248
-17.836489 -10.166766 -2.470221
24.195650 -10.807636 -0.516483
27.731316 -10.608863 -0.943777
31.210270 -8.240243 -0.881583
32.614601 -6.592086 -1.164333
-20.466696 -6.710685 -3.363367
-18.257683 -6.790607 -2.096607
34.145458 -4.519112 -1.175222
-18.474291 -3.249190 -1.243952
37.877129 -0.606076 -2.063182
-17.068472 0.859650 -1.058577
40.428398 3.326762 -2.668273
-13.042321 5.022537 -0.887681
40.534706 5.820693 -3.757174
-8.195639 8.314446 -0.882820
39.243607 9.564590 -2.708887
-3.910957 11.764711 0.540627
-1.301380 13.439447 0.099347
37.617863 12.531399 -2.377945
2.025307 15.846991 -0.231911
34.235088 15.904280 -2.407109
36.232746 13.848914 -2.195203
4.988413 19.604788 -1.282018
30.775757 20.409456 -0.793362
32.414963 17.965601 -2.159484
7.819277 23.399696 -2.536067
24.360727 24.874390 -2.174054
27.171053 23.341114 -1.097241
28.795235 21.937799 -0.621196
12.918297 26.875654 -2.477853
16.320211 27.340466 -2.266318
19.655367 26.765871 -2.207264
-5.356468 -12.241550 3.157382
1.517628 -12.575057 2.759275
5.604224 -13.175422 2.611782
9.435098 -13.694327 3.325760
13.185717 -13.603336 3.277708
17.195253 -12.759045 2.202763
-13.484489 -9.796249 1.477339
-9.938538 -10.421234 2.925464
20.872698 -10.376406 2.670861
23.968231 -9.772972 1.861264
27.448505 -9.387071 2.617018
30.514759 -8.254236 2.132855
-15.012525 -7.059610 2.484251
34.417629 -5.108690 3.259928
-15.994289 -3.571684 2.827362
37.882351 -0.915945 1.833976
-16.179043 0.504471 1.286992
39.632198 2.805770 1.012450
-13.078419 4.645289 3.109618
40.035305 6.391224 0.879557
-7.722084 9.349190 2.763066
39.061226 9.947499 1.850840
-4.092600 12.840444 4.120747
37.554634 12.329934 1.724922
-1.055127 16.201839 4.346349
1.294552 16.910065 2.848884
34.819622 16.316795 1.768783
3.635934 20.081825 1.731820
30.849850 20.370810 2.801245
4.789057 22.161518 1.657149
23.442080 24.995203 1.179941
26.988018 23.083876 2.857055
9.135084 26.145046 3.385536
12.674730 27.636000 2.200017
16.700062 27.082006 1.761930
20.169247 26.202950 1.479526
1.578129 -12.008773 5.738555
5.105748 -12.313773 5.974953
9.531097 -12.759307 5.627851
16.609964 -11.663953 4.927456
-9.615023 -8.969412 6.223967
-5.962768 -10.441499 7.352969
-2.037446 -11.425199 7.353729
13.046943 -11.481980 6.200470
20.266327 -9.198296 6.043848
24.029648 -8.208113 6.294497
27.533354 -8.276849 5.820906
30.850311 -7.748141 5.878857
32.999092 -6.342361 6.208883
-12.406783 -6.068940 6.493963
34.640747 -4.821562 6.743221
36.395012 -3.258993 6.346223
-13.532268 -3.434680 6.902691
38.337875 -0.687052 6.006307
-14.280399 0.064015 6.586250
39.379757 2.665688 5.910363
-12.771722 4.468644 6.747192
39.648632 5.754715 6.274381
-8.578593 10.029481 6.531643
38.740585 9.900841 6.153229
-4.697357 13.749090 7.101776
37.159615 13.039761 6.066253
-1.754362 16.851011 7.058686
34.299297 16.359159 5.880451
36.307598 14.440729 5.196121
0.962298 19.399605 5.580007
30.546194 20.030146 6.121262
32.642883 18.189596 5.852159
4.308815 22.933725 4.499696
23.884979 24.427769 5.095868
27.166668 22.730597 5.867615
28.738609 21.761776 6.063095
8.896829 26.112217 6.594297
12.865530 26.856297 6.662079
16.817017 26.632664 5.993449
19.768246 26.033936 5.351463
1.473622 -11.531688 10.221230
4.892021 -12.257960 9.399476
-6.015474 -9.451693 10.938603
9.133576 -11.051498 10.103027
13.248726 -10.020650 10.372573
16.784361 -9.116713 9.743591
20.433233 -8.176034 9.677395
23.981958 -7.384173 9.147294
27.582870 -7.423052 8.238001
30.371250 -6.840402 8.338679
-9.713880 -6.497814 10.519908
34.048317 -4.400652 9.890304
-12.506241 -2.779174 9.953827
35.935776 -2.062275 9.921108
-12.806815 0.562795 10.362405
37.386749 2.487329 9.611748
-12.693350 4.279701 9.951062
37.179756 6.069513 9.595221
-9.570552 10.262142 10.280468
34.913162 9.750220 10.616323
-7.825814 13.506083 10.765946
35.307884 13.063946 9.403493
-5.261269 16.701397 10.879832
31.608749 17.160027 10.719782
33.868973 15.373577 8.531270
-2.415996 18.948578 9.728907
30.682774 19.589491 8.925637
1.236821 22.016253 9.304745
4.867740 24.573635 9.853187
20.329880 24.779018 9.000378
24.171303 23.356585 8.841757
26.992266 22.167109 8.927541
9.699154 25.890388 10.354134
12.657547 26.343554 10.403281
16.084381 26.090555 9.357290
-5.785768 -8.787875 14.956698
-1.715521 -10.557963 14.733383
1.654588 -10.720008 14.966346
4.818085 -10.712660 13.301441
9.350236 -9.642625 13.784137
13.394103 -8.589927 13.528039
16.813433 -7.943130 13.403595
19.851852 -7.474664 13.058884
27.703814 -6.612015 11.165482
23.998144 -6.378518 12.459049
31.265310 -5.020878 11.874492
-10.165703 -3.245573 14.256310
34.746014 -0.958277 12.045787
-11.965286 0.744647 13.149987
34.448891 2.139272 12.828475
-12.082889 4.527067 14.352805
34.378292 5.289500 12.814474
-11.401403 9.038803 14.507417
32.744835 9.629391 13.739199
-10.432653 12.770815 14.452678
31.757982 13.447376 13.111772
-10.984510 16.577902 15.843983
-9.211328 16.657637 14.300833
29.399055 17.620787 12.930178
-8.825327 19.327141 14.855563
-6.228353 19.522745 13.456803
-3.174876 20.154234 12.121366
27.857491 20.217157 12.137885
1.938503 23.440060 13.101813
17.153212 24.743536 13.311454
20.623531 23.838791 12.759611
24.123362 22.645325 12.157653
5.770614 24.781284 13.807137
9.242126 25.244707 14.102441
-4.766063 -8.880416 18.598034
-2.422842 -9.634598 19.164879
1.753294 -9.844771 18.444357
5.210830 -9.611805 17.219393
8.836109 -8.739928 16.570560
-6.958337 -6.765038 18.876352
12.977895 -7.623278 17.346022
20.702700 -6.353032 16.690393
24.100756 -5.783905 15.618530
27.356251 -4.867724 14.573956
-9.287642 -3.159726 18.233313
31.096497 -1.545799 15.664154
-9.922928 0.396950 18.467922
31.870274 2.581352 16.344402
-11.343617 5.066331 18.723274
31.725674 6.008851 16.511070
-11.885230 8.673317 18.304348
31.383451 9.591656 16.515772
-12.498651 12.262659 17.493505
-14.538153 16.548944 18.308043
28.383780 16.367632 15.616453
-13.055561 20.027727 18.161354
24.373821 21.111423 15.895495
-9.264598 22.031437 17.542574
-6.170621 22.045721 16.406631
-2.750093 23.279413 16.598673
1.441169 24.109652 17.196018
5.795718 24.186354 18.610737
13.099657 24.481325 17.421494
17.133886 23.882839 17.608011
20.131516 23.140423 16.758923
-2.649847 -9.052197 23.120123
1.253856 -9.256119 22.438202
5.029623 -8.684568 20.334900
8.801637 -7.738853 19.865078
12.675958 -7.289140 20.421291
-6.628760 -6.625778 22.913654
16.885561 -6.627270 20.778685
20.466818 -6.087353 19.827696
24.208052 -5.039417 18.245625
27.575159 -3.427584 17.808947
-8.697642 -2.672707 21.863693
29.280884 -1.187475 18.336510
-9.139737 0.265903 22.416994
30.294506 2.525937 18.794333
-9.832527 5.420813 24.041006
29.969463 5.926764 19.715063
-12.065029 9.076465 21.292130
29.449032 9.675756 20.013035
-14.219149 11.694546 21.537361
28.329565 13.097441 19.369108
25.088839 18.312544 20.071358
-14.355345 20.677837 21.042191
21.709888 21.641125 20.293873
-12.892952 23.115528 20.919924
-2.109707 24.072044 20.051018
1.358575 23.992254 21.262255
5.729047 23.764008 21.813772
9.717640 23.993519 21.613342
13.385547 23.903280 20.908789
17.037605 23.184151 20.550756
-9.208694 24.008650 20.329857
1.361333 -8.556152 25.789434
8.396889 -7.419346 23.016619
-3.073858 -7.733555 27.733372
12.600102 -6.930271 23.547697
16.764963 -6.321334 23.871426
20.038391 -5.885776 23.094124
24.086979 -4.141519 21.701323
26.027092 -3.331502 20.760103
-7.644649 -3.106822 26.398502
27.181990 -1.256899 22.052221
-8.390015 1.262290 25.971840
28.518936 2.000270 22.350393
28.609362 5.972142 23.131891
-10.189174 8.253993 27.808891
28.160122 9.319832 23.074331
-14.466957 11.331659 25.392645
27.031502 13.218422 23.149607
-16.599895 16.726486 24.507345
24.404821 17.514675 24.212021
-16.001099 19.886869 24.501146
21.327847 20.773504 24.259552
-13.435454 23.262621 24.672241
-2.526460 24.231588 23.907661
1.614382 23.797260 24.707073
5.300914 23.271923 25.395082
9.420424 23.384508 24.720436
13.456737 23.370052 24.210005
17.178089 22.884005 23.810759
-11.589751 24.430944 23.907621
-9.512743 24.996103 23.870121
-6.214500 25.029449 24.184574
-3.115081 -6.858830 31.488312
0.489014 -7.721239 30.086021
8.984090 -7.029630 26.532417
12.781507 -6.465470 26.723036
16.051001 -6.174948 26.812454
20.176714 -5.190524 25.967056
23.722647 -3.483279 24.981113
-6.919158 -3.091224 30.263063
26.298740 -0.846746 25.520372
-7.410269 0.778814 30.268665
27.259363 2.394931 26.239197
-7.760390 4.495052 31.437500
27.596050 6.061645 26.305353
-9.843502 8.919611 31.136997
27.212366 9.401591 26.290653
-14.428122 12.013673 29.684040
26.294008 12.749626 25.937326
23.906816 16.779251 26.708864
-15.875678 19.812304 28.027203
21.141907 20.401604 27.461279
-13.400637 23.379662 28.082836
0.983483 23.487694 28.214745
9.233894 23.041142 27.710419
12.867738 23.175394 27.046877
17.309568 22.659895 26.477573
-9.334071 25.144897 27.427752
-6.117869 25.018398 27.179068
-3.241616 24.432093 27.355330
0.058008 -7.437547 33.401192
8.697263 -6.855592 29.630543
16.542976 -5.971816 30.456350
-2.678319 -6.446476 34.502514
4.719707 -7.382183 31.163971
12.539838 -6.362613 30.280853
19.966589 -4.846577 29.515751
-6.262100 -2.559919 34.363762
24.160194 -1.855948 28.876865
-6.921889 0.680348 34.601566
26.597153 2.770380 28.437967
-7.228579 4.952030 34.595547
26.671936 6.014587 29.256691
-8.755599 9.023165 34.142467
26.432205 9.374913 29.176317
-13.455967 12.909207 32.830383
24.936642 13.270822 30.130848
-14.103856 16.519012 34.358814
22.260513 17.712694 31.106201
-13.790405 20.253313 33.466751
1.390964 22.194490 32.835220
17.938490 21.910103 30.415651
-9.998346 23.576984 32.388454
-2.891145 23.419765 31.524405
13.316168 22.634237 29.758148
-3.325502 -5.517346 37.444984
0.616931 -6.994246 36.008457
4.728735 -7.285068 34.304733
8.742212 -6.666390 32.750099
13.008445 -6.242440 33.620018
16.664480 -5.410860 33.945652
20.288868 -4.125752 32.863651
-5.887260 -2.542662 37.352623
23.748106 -1.249441 32.540253
-6.514178 0.976923 37.906425
25.452940 2.425106 32.853729
-7.083691 5.461568 37.646770
25.809790 6.060098 32.480087
-7.879256 9.263806 37.335060
25.197865 10.094901 33.384300
-10.320908 13.640509 36.622433
24.091631 13.314717 33.630024
-11.382708 16.852581 37.042809
21.726728 17.143293 33.889160
-10.313225 20.260120 36.809002
-2.884307 21.748798 36.318710
0.735864 21.429665 36.394794
4.852968 21.488281 35.132282
18.308065 21.093550 34.529953
-6.596571 22.871811 34.875210
9.950379 22.260620 33.031837
13.231030 22.490389 33.097191
0.539970 -6.817468 39.159107
8.886988 -6.619987 36.273159
-3.000028 -5.296215 40.310631
4.732027 -7.076897 37.577656
12.846506 -6.021365 36.592255
16.644224 -5.335778 37.144470
19.987228 -3.791414 36.038818
-5.644731 -1.826448 40.528801
23.305103 -0.398840 35.672207
-6.361118 0.833049 40.794563
24.309614 2.365318 36.465954
-6.981486 4.908975 41.192833
24.882727 5.987917 36.364632
-7.388029 9.864374 40.217979
24.548752 10.076892 36.854176
-8.019220 13.520598 39.947044
23.514671 12.780031 37.146954
-9.626714 17.303558 38.568130
21.138964 16.725096 37.944790
-6.560903 19.959896 39.086052
-3.271695 20.229036 39.867130
0.853467 20.665482 39.985813
4.985182 21.386065 37.978539
8.756242 21.462952 37.009586
17.927071 21.077909 38.189220
-2.602177 -5.573551 43.292786
0.740630 -6.802346 42.102890
4.776443 -7.031492 40.762012
8.684240 -6.606238 40.146420
13.236226 -6.279241 40.517246
16.422661 -5.279867 40.523846
-5.233524 -2.112599 43.712341
21.124640 -1.943290 39.645405
-6.452652 1.305398 44.210136
23.832092 2.933332 39.755833
-6.925124 5.549138 44.013374
24.179794 6.132051 40.122784
-7.043344 9.961913 42.680408
24.030066 9.688969 40.240376
-7.103733 13.720740 42.655838
23.020140 12.908855 40.485344
-6.804117 17.462034 41.251591
-3.485940 18.343561 43.772320
20.899733 16.556593 41.162666
0.484209 20.070255 43.242901
4.878283 20.778940 40.843983
9.096883 21.642122 40.449512
13.495818 22.288412 40.354404
17.302683 20.501890 41.306992
0.880389 -6.731822 45.100033
8.803683 -6.656300 43.616737
-2.601768 -5.145089 46.409031
4.828469 -6.993724 43.930580
13.158599 -6.157935 44.084904
16.417585 -5.081726 43.728477
-5.629747 -1.065065 47.224857
21.010279 -1.529330 43.517551
-6.480469 1.344350 47.173622
23.140509 2.867214 43.333576
-6.951888 6.145164 46.508823
23.607637 6.346938 43.904255
-6.653470 9.955540 45.765087
23.390533 9.953969 43.549557
-6.129086 13.876188 45.463272
20.483538 16.071304 44.288948
22.912382 12.204310 43.572220
-3.528362 17.277502 46.492329
16.609739 20.697914 44.215153
4.889360 20.269894 44.083843
8.672648 20.919907 43.520683
13.244977 22.210714 43.906246
-4.314984 -3.489336 49.819283
-2.571871 -4.901539 49.505856
1.126724 -6.741321 48.254044
4.695037 -7.166130 47.782261
8.969843 -6.723578 47.342331
13.024052 -6.166621 47.710583
16.247608 -4.805126 47.346710
-5.349474 -1.686840 49.910637
20.877251 -0.749980 47.030518
-6.467813 1.605585 50.166416
22.296589 2.350764 46.657150
-7.174581 5.862411 49.860161
23.027201 6.189553 46.885246
-6.603071 8.811937 49.214142
23.031872 9.748838 47.205711
-5.014375 13.967971 49.014263
21.696423 13.360324 47.459091
0.419831 18.666985 49.637547
19.039747 17.047916 48.169788
5.364707 20.123037 46.907940
9.256232 20.757074 47.282860
13.962301 21.976896 47.720043
1.202376 -6.718925 52.143787
8.861190 -7.016109 51.470741
-2.258487 -5.248634 52.518192
4.706012 -7.095175 51.123619
12.877981 -6.021442 51.333164
16.299261 -4.612672 51.021740
-5.553338 -1.187806 52.761951
20.072329 -1.179015 50.751720
-6.747398 2.083171 52.646770
22.148212 3.073680 50.144531
-7.108426 6.245563 52.569675
22.665623 6.320063 49.968460
-6.213502 10.061383 52.140240
22.441639 9.470073 50.543617
-4.175533 14.325882 52.185036
21.002325 13.653297 51.189907
0.346572 18.091194 52.862732
4.337552 19.481773 51.518997
18.490711 17.155336 51.435104
9.211496 21.193487 51.870888
13.448920 21.273233 51.892597
1.744815 -7.125705 55.080135
4.860498 -7.415166 54.500889
8.897848 -7.050035 54.670589
12.514832 -6.357134 54.758175
-2.334134 -5.347870 55.612484
16.359156 -4.210736 54.446476
-5.355063 -1.722607 55.582462
20.230747 -0.012636 54.091488
-6.515697 1.608485 55.624306
-7.141109 6.026995 56.217224
22.000717 6.162618 54.295361
-6.468275 9.169223 55.187157
22.021893 9.553195 53.809639
-4.010458 14.318090 55.631435
20.677418 13.377476 54.144962
0.599327 17.986115 55.525990
17.328409 17.672001 55.108856
5.603521 19.576019 54.999004
9.101197 20.749941 55.236862
13.340105 20.615936 55.714676
2.190276 -7.224511 58.876591
8.539073 -7.192885 58.693813
-2.259534 -5.395053 58.230911
5.025395 -7.417739 58.211517
12.795259 -5.959479 58.267719
16.352833 -3.901570 57.900074
17.782919 -2.477803 57.252747
-5.325506 -1.786014 58.781116
19.274757 -0.692335 57.943680
20.706812 2.077658 57.873917
-7.069117 6.064555 58.839832
21.689857 6.997043 57.811371
-6.132851 10.386670 58.415569
21.554577 9.531665 57.603050
-3.696118 14.285060 58.457813
20.498018 13.395519 57.692165
21.276966 11.107499 57.641689
0.846334 17.708012 58.442654
4.455611 19.029030 58.402584
17.371998 17.122431 58.657375
9.361023 20.757387 58.725307
13.200318 20.321833 58.737549
2.063001 -7.251943 62.053661
5.056490 -7.535192 62.458824
8.346339 -7.409023 61.948483
-2.367828 -5.406695 62.149174
12.843315 -5.938137 61.778049
16.301395 -3.684852 61.505882
-5.653829 -1.465300 62.044338
19.092339 -0.371342 61.094589
-5.769041 2.305039 62.813522
2.464284 2.794041 63.587593
8.973228 2.893718 63.040974
20.396538 2.391690 61.398190
-7.125003 5.652039 61.915478
21.195330 6.570273 61.773899
-6.289698 10.142843 61.349041
2.285480 9.598278 63.354366
8.959066 9.587195 63.199947
16.834412 9.810821 63.212402
21.086800 10.051487 60.698799
-3.293824 14.363685 62.001774
19.796305 13.439912 61.698994
1.190219 17.609034 61.844360
4.868501 19.109505 61.701683
8.920222 17.175032 63.228088
16.962099 17.128189 61.866966
12.777529 19.959845 62.073898
1.957649 -6.712732 63.485435
8.784627 -6.879155 63.422726
-1.450596 -5.384778 63.479473
1.612036 -4.979010 63.498562
5.086526 -5.064794 63.420448
8.898910 -4.910999 63.414471
12.130652 -4.858341 63.306328
2.022705 -1.400198 63.331165
5.534878 -0.984240 63.322071
8.898463 -1.083690 63.376186
12.655766 -1.079741 63.016640
16.167755 -0.980931 62.961235
-1.564302 2.109053 63.432369
5.921558 2.889569 63.388416
12.806893 3.014503 63.038406
-5.426536 6.198597 63.319859
-1.195924 6.165527 63.344276
2.517564 6.090214 63.515438
6.003869 6.171879 63.195942
9.000560 6.366632 62.858192
12.544173 6.436654 62.898045
16.231955 6.265182 63.159431
-2.273086 9.773997 63.344658
5.926027 9.532744 63.346142
12.795148 9.879973 63.121876
20.382711 10.025714 62.963150
1.377786 13.753859 63.202118
5.318959 13.615110 63.078995
8.920455 13.387409 63.177807
13.198681 13.570300 63.073860
17.051739 13.711104 63.213501
4.970906 17.844065 63.201126
13.361513 17.366650 63.062065
-27.051159 -21.419434 -45.704117
-32.111469 -16.318132 -45.228657
-26.766542 -25.451937 -42.379784
-26.874714 -28.562340 -38.635029
-20.187534 -10.597667 -49.519329
-16.776167 -14.539654 -48.420429
-14.766765 -13.201981 -48.545052
-11.436484 -19.945087 -45.478119
-16.160345 -12.924133 -48.391705
-33.746006 -14.146256 -45.870228
-16.579693 -0.054640 -46.590309
-23.981972 -0.238214 -46.865292
-23.318415 4.179638 -43.313328
-13.243428 -24.319159 -42.633045
-7.372706 -19.582129 -42.626972
-7.765297 -24.942114 -37.562592
-3.722765 -9.648570 -40.995628
-35.607861 -1.633446 -42.111446
-38.488056 -1.344286 -38.202194
-33.673496 0.036332 -42.113277
-16.658754 3.438926 -43.689674
-32.556347 -28.770363 -32.409103
-35.903355 -26.052511 -32.625160
-28.186333 -30.917810 -32.631664
-15.054839 -31.463230 -31.007454
-20.281708 -31.301006 -35.521053
-26.636887 -30.880329 -34.210140
-36.233067 -25.460270 -19.188274
-13.141104 -27.657728 -38.867973
-11.373470 -27.807384 -37.252235
-9.810866 -27.578756 -35.668694
-7.847395 -26.226551 -35.911026
-7.962773 -27.372347 -33.680664
-5.855160 -24.311378 -35.845646
-4.649287 -24.103041 -33.555847
-4.277469 -22.537525 -35.616489
-39.206043 -21.768831 -32.552860
-40.265015 -18.615698 -32.514133
-40.086582 -15.062002 -32.991131
-40.652454 -16.403564 -31.639555
-2.835577 -18.157963 -38.087486
-1.356109 -17.769508 -35.427551
-2.366064 -20.918842 -34.471252
-0.881371 -19.524256 -34.019363
-1.405229 -20.738558 -32.497913
-0.667625 -21.238668 -25.467688
3.959014 -12.245918 -24.461754
4.372377 -13.867227 -22.788340
-0.426320 -11.338203 -32.797695
0.059371 -5.679153 -28.414213
3.657245 -5.844790 -24.919930
0.652009 -4.763821 -26.927351
2.404275 -4.161627 -25.353556
0.585203 -2.308280 -26.251053
-3.487657 -25.510429 -25.597639
-1.483911 -15.887865 -36.835064
-38.353851 0.049146 -36.930939
-35.444038 3.705206 -36.575665
-33.502045 3.617047 -38.389622
-31.704674 5.364631 -38.522472
-31.132458 6.182114 -37.336094
-29.870056 6.262684 -38.599667
-30.329151 6.761066 -37.361267
-23.638117 7.149800 -40.352810
-23.259787 10.169698 -36.060814
-24.739094 10.303186 -34.078072
-28.361273 10.755725 -23.336407
-15.316698 9.930018 -35.214954
-8.009000 6.085476 -30.181356
-6.592812 7.159519 -24.049702
-16.632710 6.674668 -41.216911
-13.118492 -28.471828 -37.416237
-39.436661 -12.740048 -33.828148
-42.683079 -3.662050 -22.049303
-42.846233 -12.453826 -19.872494
-39.934254 1.482105 -22.236938
-39.673210 2.388448 -23.458906
-39.217846 2.535093 -22.327269
-39.628002 2.287733 -28.148643
-38.438797 4.119454 -26.312323
-35.802773 3.560368 -16.092377
-35.620636 2.211417 -14.456126
-40.131886 1.471091 -29.857681
-4.396837 -0.822529 -35.246983
-7.430368 -28.241785 -26.905096
-8.158332 -27.213230 -18.446182
-4.851331 -23.907251 -17.635546
-43.216202 -16.028172 -27.706827
-42.377930 -17.542919 -25.401011
-42.997292 -16.246134 -25.362621
22.188944 5.157328 -29.754185
-3.011342 -0.515703 -28.865309
-1.392005 -0.102676 -26.340734
-2.611230 1.766999 -26.947781
29.435966 8.898785 -29.468201
32.691708 8.738365 -25.279011
23.818165 14.683425 -28.907202
32.866573 14.108490 -20.353680
29.933994 18.518902 -21.051189
36.400860 12.494342 -10.628413
36.075230 12.749261 -12.876268
36.753483 12.611787 7.784625
23.112709 19.262449 24.047014
18.940201 22.364210 23.613359
25.940609 15.349017 22.976999
29.590982 20.306536 -19.341290
19.689070 25.211864 -23.590931
19.706663 25.590240 -21.580366
14.305680 25.253462 -10.020595
16.694733 25.934816 -10.456522
9.349687 21.490782 -8.626860
12.459236 25.245949 -8.025710
10.379889 23.294035 -7.529172
11.018818 25.489761 -4.972521
9.760361 19.253738 -10.566514
10.892237 12.502056 -11.326602
8.561396 10.504834 -12.184598
21.995617 16.489674 -29.688740
18.206656 21.628950 -28.329218
19.909800 22.074881 -27.360422
29.923504 -11.218191 -15.628832
33.212418 -7.727372 -15.007019
32.296703 -6.392347 -21.952066
23.919201 -11.811427 -2.470880
35.910175 -2.594229 -1.728448
38.942753 1.094762 6.186511
37.166229 -1.772918 7.835590
38.088730 0.991513 8.365684
36.596691 -0.066662 10.217528
38.959923 2.960836 7.602567
36.010208 2.262345 11.188189
39.377697 1.669688 -2.750921
38.718063 4.718872 -11.602828
38.315750 3.049461 -12.750429
22.217123 -11.502506 -0.711525
20.400099 -11.138749 1.782247
18.763424 -11.595906 2.618844
22.185514 -14.677368 -5.058934
21.618652 -13.186607 -2.755092
19.772917 -14.172346 -2.668569
13.162885 -17.479362 -6.297660
13.219301 -17.251848 -8.314149
13.571689 -16.833979 -10.051912
11.877272 -16.809860 -8.141729
18.830353 -9.931697 -21.235931
18.689816 1.657912 -23.509306
-2.653048 3.563282 -24.717258
-0.552683 3.420378 -23.840391
-0.839788 6.993309 -19.389795
-28.048687 -30.809067 -20.045111
-32.534054 -28.373922 -19.250523
-28.385061 -29.852551 -18.441015
-30.696896 -28.369345 -16.991943
-29.306421 -28.240711 -15.048577
-39.901119 -21.090355 -19.286234
-39.577694 -19.536573 -16.992249
3.992123 -17.528955 -12.520030
5.930297 -13.985977 -21.569101
7.446902 -13.769789 -19.618822
9.436256 -13.867806 -18.081703
16.857733 -14.058294 -17.173586
16.615198 -10.405010 -20.082489
8.773834 -10.751954 -21.606537
-4.464284 -22.645519 -15.619343
-4.151107 -21.302727 -13.779417
7.916927 -12.005264 -21.595190
9.316343 -7.203466 -21.533833
7.832789 -5.261562 -22.660852
9.348284 -5.637713 -22.202522
35.770298 -3.740963 -16.682102
35.884220 -0.604480 -18.483152
2.376923 -0.574316 -23.676105
0.330718 -0.807042 -24.982094
0.759633 0.907291 -24.617579
28.749472 19.816973 -21.372944
-20.188274 -28.851913 -13.492957
-11.549087 -24.734943 -12.101657
-13.724084 -24.650776 -10.995934
-9.290602 -24.535503 -13.398529
-39.475330 -18.103251 -15.440240
-39.244736 -16.055882 -13.952537
-39.922581 -8.705010 -13.239639
-36.675049 -15.554796 -10.195243
-37.646263 -18.464073 -13.332230
-36.372459 -18.677870 -11.436984
-36.283199 -20.986382 -13.053538
-34.113560 -18.029680 -9.529099
-32.943001 -19.837034 -9.413864
-33.103851 -25.449047 -15.035126
-27.093206 -24.830034 -9.747567
-27.218479 -28.055761 -13.401292
-34.410145 -25.726835 -16.863979
-32.683064 -27.240328 -16.697599
-36.717979 -9.011514 -8.760613
-31.640467 6.631659 -16.417871
-30.592798 6.057457 -14.828996
-23.577948 6.358827 -15.107390
-14.857420 6.190788 -12.480501
-11.198269 6.518574 -0.962109
-15.629602 2.721994 -1.361233
-17.311068 6.936989 -14.157178
-7.616529 -22.749929 -12.944791
-5.524556 -21.497187 -12.545746
-7.707037 -21.241655 -10.399266
-2.188886 11.297480 -3.527240
-11.441434 -22.665333 -10.980270
-9.503266 -21.396484 -9.785070
-5.517860 -18.383312 -9.075940
-7.735622 -19.864120 -9.499077
-7.058108 -18.485655 -7.544675
-30.962259 -7.752085 -7.573371
-32.218029 -9.346886 -7.345295
-27.125710 -21.477493 -7.169801
-28.919746 -19.575834 -7.213138
-27.375484 -19.540689 -7.136857
-20.157248 -21.372349 -7.415546
-8.845923 -17.509808 -6.689744
-5.766045 -11.264005 5.087233
-0.157463 -11.175043 10.467080
-2.109360 -10.843973 11.274228
1.590795 -11.101360 11.582716
4.798213 -7.885535 25.796352
5.019280 -8.173164 24.012617
4.740111 -7.503535 27.896074
10.253590 -6.967588 61.873192
14.938250 18.901628 58.597290
19.475653 2.571415 62.984135
21.850620 2.914119 51.501953
21.974295 11.278548 50.745213
21.350702 1.358549 50.624676
22.078949 14.704842 40.840801
19.569241 15.854205 51.240295
15.749996 19.799410 51.267113
19.179714 18.448780 41.479729
23.054102 15.279815 33.637955
20.120728 19.612017 34.310268
15.397009 22.541658 33.580616
13.252169 22.288973 34.482281
13.282343 22.159491 36.652851
7.096515 22.320738 31.433044
5.064619 22.097223 31.947756
9.015243 22.481043 30.692663
4.802988 22.550970 30.197039
5.196007 22.839212 28.588701
21.384350 2.684430 53.805347
16.572035 2.737914 62.947746
-4.096789 -1.610419 63.417645
-1.794909 -1.225500 63.424564
-4.366623 -3.329181 62.586002
-7.082584 4.718026 58.500591
-6.718429 2.215289 58.587101
-6.959951 7.710170 58.869759
-5.444890 12.279354 52.093906
-5.084017 12.476853 58.368755
-1.416658 16.324968 58.626431
-1.820267 16.783634 52.240337
-4.146711 -3.485827 55.739368
0.361289 -6.900061 62.052147
0.311742 -6.653079 55.634472
-4.292703 -4.109602 43.875679
-4.899088 -4.003596 37.371799
-7.493310 -7.580761 14.321832
-8.090326 -6.360887 16.244646
-8.585129 -6.368409 14.093874
-8.530672 -4.856647 18.277426
-8.050400 -11.433272 2.985368
-21.371004 -11.619165 -4.264699
-21.519567 -9.745971 -3.849891
-4.112206 10.954605 -1.704317
-5.398100 10.416494 -0.026991
7.291749 19.628489 -6.231634
8.184952 21.631186 -6.095245
7.044506 20.981277 -4.881980
6.386755 19.696796 -4.635076
-9.699405 -14.184341 -2.287972
-10.153269 -11.661229 1.801864
9.455640 -14.519277 1.191904
-16.643549 -6.583949 0.634184
2.828854 18.595007 2.351816
1.279100 17.999525 4.121422
-0.557152 18.142778 6.392249
-2.265158 17.894184 8.679891
-3.737241 15.344071 7.885151
-4.052421 16.558870 9.527975
-5.243532 15.123709 8.994796
-6.269036 15.495153 11.243706
-4.836546 17.824854 11.353858
-6.073047 18.059116 12.544549
-6.841929 16.489798 12.779970
-6.280346 12.732711 7.656234
-0.262963 19.804926 8.141164
2.674707 19.781418 3.649631
2.993130 21.454338 5.275359
7.088858 25.364435 6.344625
1.380975 21.022461 7.355658
-0.289941 20.642883 9.338821
-11.008143 6.984698 6.347696
-6.642090 11.783345 6.270404
16.738714 -7.635207 14.953557
16.817125 -7.244644 17.040485
12.939111 25.607029 12.548912
10.676000 25.022924 14.020500
12.913100 25.185213 14.239543
9.143330 24.872553 15.437118
-9.605075 12.854975 13.068725
-8.764888 14.419418 12.751910
33.636391 13.507949 11.356561
30.217415 17.465952 11.651540
31.887188 15.551195 11.662210
30.872078 15.580008 13.051802
28.728977 -2.343961 17.888409
28.681664 -1.171891 19.183546
33.250427 1.989413 14.409235
-8.202709 5.390849 30.081970
-8.693252 4.678989 27.787678
-8.540323 7.233909 31.368429
30.429035 13.396314 15.071570
30.391764 12.068098 16.282589
30.068150 13.419972 16.196590
-16.111488 14.364000 21.233257
-16.433340 16.479950 21.023071
-16.117146 14.227342 29.548965
-16.302923 16.685207 29.476641
-15.678764 16.796120 31.651747
-12.663958 16.765171 35.945366
-15.265622 20.525869 22.858639
-15.116553 21.758751 25.314846
-6.257596 24.574478 29.003759
-6.306139 24.319164 31.841705
-15.610034 18.171743 20.907698
-12.206059 10.778536 30.388002
-6.239973 20.801105 14.708319
30.376417 9.081383 18.328938
-6.209455 23.568409 18.797874
-4.718587 24.107126 20.227087
9.273274 24.554222 17.975233
-6.112366 24.152151 20.394176
-5.448871 -5.255943 31.032040
22.248466 -2.752427 32.598495
-3.115531 19.229118 41.973385
-1.416706 19.344587 43.865643
0.814920 19.393103 45.110928
2.627258 19.706615 45.517559
0.717119 19.391754 46.662663
18.463947 -3.897666 43.548477
22.470142 0.870029 43.129471
17.788347 -3.268495 51.152351
18.911659 15.439708 58.151134