12 19 1 -1 -1 -1
20 12 1 -1 -1 -1
26 34 3 -1 -1 -1
27 3 34 -1 -1 -1
42 45 4 -1 -1 -1
42 4 46 -1 -1 -1
43 49 5 -1 -1 -1
8 7 4 -1 -1 -1
4 7 45 -1 -1 -1
8 4 9 -1 -1 -1
46 4 9 -1 -1 -1
46 9 50 -1 -1 -1
6 11 5 -1 -1 -1
10 5 11 -1 -1 -1
6 7 11 -1 -1 -1
0 11 7 -1 -1 -1
8 12 7 -1 -1 -1
0 7 12 -1 -1 -1
8 9 12 -1 -1 -1
13 12 9 -1 -1 -1
13 9 14 -1 -1 -1
50 9 14 -1 -1 -1
50 14 54 -1 -1 -1
56 52 15 -1 -1 -1
10 11 17 -1 -1 -1
18 17 11 -1 -1 -1
0 19 11 -1 -1 -1
18 11 19 -1 -1 -1
0 12 19 -1 -1 -1
20 19 12 -1 -1 -1
21 14 22 -1 -1 -1
54 14 22 -1 -1 -1
54 22 57 -1 -1 -1
15 58 56 -1 -1 -1
16 23 15 -1 -1 -1
15 23 58 -1 -1 -1
16 17 23 -1 -1 -1
24 23 17 -1 -1 -1
18 25 17 -1 -1 -1
24 17 25 -1 -1 -1
18 19 25 -1 -1 -1
2 25 19 -1 -1 -1
2 19 26 -1 -1 -1
21 22 27 -1 -1 -1
28 27 22 -1 -1 -1
29 59 57 -1 -1 -1
28 22 29 -1 -1 -1
57 22 29 -1 -1 -1
58 60 23 -1 -1 -1
24 30 23 -1 -1 -1
23 30 60 -1 -1 -1
24 25 30 -1 -1 -1
31 30 25 -1 -1 -1
2 32 25 -1 -1 -1
31 25 32 -1 -1 -1
2 26 32 -1 -1 -1
33 32 26 -1 -1 -1
33 26 34 -1 -1 -1
35 34 27 -1 -1 -1
28 36 27 -1 -1 -1
35 27 36 -1 -1 -1
28 29 36 -1 -1 -1
61 29 59 -1 -1 -1
61 29 36 -1 -1 -1
60 63 30 -1 -1 -1
31 37 30 -1 -1 -1
30 37 63 -1 -1 -1
31 32 37 -1 -1 -1
38 37 32 -1 -1 -1
33 39 32 -1 -1 -1
38 32 39 -1 -1 -1
33 34 39 -1 -1 -1
40 39 34 -1 -1 -1
35 41 34 -1 -1 -1
40 34 41 -1 -1 -1
35 36 41 -1 -1 -1
64 36 41 -1 -1 -1
61 36 64 -1 -1 -1
63 65 37 -1 -1 -1
64 41 69 -1 -1 -1
70 73 42 -1 -1 -1
70 42 74 -1 -1 -1
71 77 43 -1 -1 -1
42 45 73 -1 -1 -1
74 42 46 -1 -1 -1
76 48 78 -1 -1 -1
77 79 49 -1 -1 -1
43 49 77 -1 -1 -1
47 50 46 -1 -1 -1
47 48 50 -1 -1 -1
51 50 48 -1 -1 -1
79 81 52 -1 -1 -1
53 52 49 -1 -1 -1
49 52 79 -1 -1 -1
56 55 52 -1 -1 -1
84 81 55 -1 -1 -1
52 55 81 -1 -1 -1
82 54 57 -1 -1 -1
82 57 85 -1 -1 -1
55 86 84 -1 -1 -1
56 58 55 -1 -1 -1
55 58 86 -1 -1 -1
86 88 58 -1 -1 -1
58 60 88 -1 -1 -1
62 60 63 -1 -1 -1
91 61 64 -1 -1 -1
89 61 91 -1 -1 -1
63 65 94 -1 -1 -1
95 64 69 -1 -1 -1
91 64 95 -1 -1 -1
94 97 65 -1 -1 -1
95 69 101 -1 -1 -1
102 107 71 -1 -1 -1
70 105 104 -1 -1 -1
70 73 104 -1 -1 -1
105 106 70 -1 -1 -1
106 70 74 -1 -1 -1
107 109 77 -1 -1 -1
71 77 107 -1 -1 -1
111 109 79 -1 -1 -1
77 79 109 -1 -1 -1
78 112 80 -1 -1 -1
112 78 110 -1 -1 -1
81 111 114 -1 -1 -1
79 81 111 -1 -1 -1
112 80 82 -1 -1 -1
116 84 81 -1 -1 -1
116 114 81 -1 -1 -1
83 85 82 -1 -1 -1
86 116 84 -1 -1 -1
118 116 86 -1 -1 -1
85 119 87 -1 -1 -1
117 85 119 -1 -1 -1
86 120 118 -1 -1 -1
86 88 120 -1 -1 -1
89 121 119 -1 -1 -1
119 87 89 -1 -1 -1
123 89 121 -1 -1 -1
123 89 91 -1 -1 -1
125 91 95 -1 -1 -1
123 91 125 -1 -1 -1
96 94 97 -1 -1 -1
127 95 101 -1 -1 -1
125 95 127 -1 -1 -1
127 101 132 -1 -1 -1
137 106 139 -1 -1 -1
117 149 148 -1 -1 -1
148 115 117 -1 -1 -1
150 118 116 -1 -1 -1
120 150 118 -1 -1 -1
152 150 120 -1 -1 -1
119 153 121 -1 -1 -1
153 119 151 -1 -1 -1
120 154 152 -1 -1 -1
154 122 120 -1 -1 -1
123 155 153 -1 -1 -1
153 121 123 -1 -1 -1
159 125 157 -1 -1 -1
159 125 127 -1 -1 -1
160 128 161 -1 -1 -1
132 163 162 -1 -1 -1
163 127 132 -1 -1 -1
159 127 163 -1 -1 -1
165 133 166 -1 -1 -1
131 133 130 -1 -1 -1
130 133 165 -1 -1 -1
131 132 133 -1 -1 -1
167 134 135 -1 -1 -1
135 168 167 -1 -1 -1
168 169 135 -1 -1 -1
135 169 136 -1 -1 -1
169 136 137 -1 -1 -1
137 170 169 -1 -1 -1
172 173 139 -1 -1 -1
139 173 140 -1 -1 -1
179 146 148 -1 -1 -1
148 181 179 -1 -1 -1
148 183 149 -1 -1 -1
181 183 148 -1 -1 -1
182 184 150 -1 -1 -1
186 184 152 -1 -1 -1
150 152 184 -1 -1 -1
153 187 185 -1 -1 -1
185 151 153 -1 -1 -1
152 188 186 -1 -1 -1
188 154 189 -1 -1 -1
152 154 188 -1 -1 -1
153 190 155 -1 -1 -1
190 153 187 -1 -1 -1
156 197 192 -1 -1 -1
156 158 197 -1 -1 -1
159 198 193 -1 -1 -1
193 157 159 -1 -1 -1
197 201 158 -1 -1 -1
201 160 202 -1 -1 -1
158 160 201 -1 -1 -1
203 161 160 -1 -1 -1
160 203 202 -1 -1 -1
204 163 205 -1 -1 -1
163 204 162 -1 -1 -1
208 165 209 -1 -1 -1
165 208 164 -1 -1 -1
210 166 165 -1 -1 -1
165 210 209 -1 -1 -1
167 221 220 -1 -1 -1
167 171 220 -1 -1 -1
221 222 167 -1 -1 -1
167 222 168 -1 -1 -1
222 168 169 -1 -1 -1
169 223 222 -1 -1 -1
223 224 169 -1 -1 -1
169 224 170 -1 -1 -1
171 220 225 -1 -1 -1
228 225 174 -1 -1 -1
171 174 225 -1 -1 -1
226 172 173 -1 -1 -1
173 227 226 -1 -1 -1
230 228 176 -1 -1 -1
174 176 228 -1 -1 -1
232 230 178 -1 -1 -1
176 178 230 -1 -1 -1
234 179 233 -1 -1 -1
234 179 181 -1 -1 -1
183 236 234 -1 -1 -1
234 181 183 -1 -1 -1
238 235 184 -1 -1 -1
182 184 235 -1 -1 -1
239 183 236 -1 -1 -1
239 183 185 -1 -1 -1
184 244 238 -1 -1 -1
244 186 184 -1 -1 -1
188 244 186 -1 -1 -1
251 189 188 -1 -1 -1
188 244 251 -1 -1 -1
253 257 194 -1 -1 -1
195 194 191 -1 -1 -1
191 194 253 -1 -1 -1
196 258 254 -1 -1 -1
195 191 196 -1 -1 -1
254 191 196 -1 -1 -1
193 260 198 -1 -1 -1
260 193 256 -1 -1 -1
195 200 194 -1 -1 -1
199 194 200 -1 -1 -1
195 196 200 -1 -1 -1
262 196 258 -1 -1 -1
262 196 200 -1 -1 -1
197 263 259 -1 -1 -1
263 201 264 -1 -1 -1
197 201 263 -1 -1 -1
265 202 201 -1 -1 -1
201 265 264 -1 -1 -1
203 265 202 -1 -1 -1
266 205 204 -1 -1 -1
199 200 206 -1 -1 -1
207 206 200 -1 -1 -1
265 269 203 -1 -1 -1
269 208 270 -1 -1 -1
203 208 269 -1 -1 -1
271 209 208 -1 -1 -1
208 271 270 -1 -1 -1
271 210 272 -1 -1 -1
210 271 209 -1 -1 -1
273 204 266 -1 -1 -1
210 273 272 -1 -1 -1
273 204 210 -1 -1 -1
267 274 211 -1 -1 -1
212 211 206 -1 -1 -1
206 211 267 -1 -1 -1
207 213 206 -1 -1 -1
212 206 213 -1 -1 -1
213 276 275 -1 -1 -1
274 277 214 -1 -1 -1
215 214 211 -1 -1 -1
211 214 274 -1 -1 -1
217 216 214 -1 -1 -1
279 277 216 -1 -1 -1
214 216 277 -1 -1 -1
215 218 214 -1 -1 -1
217 214 218 -1 -1 -1
218 281 280 -1 -1 -1
216 282 279 -1 -1 -1
282 219 283 -1 -1 -1
217 219 216 -1 -1 -1
216 219 282 -1 -1 -1
217 218 219 -1 -1 -1
220 284 221 -1 -1 -1
289 284 220 -1 -1 -1
284 221 222 -1 -1 -1
222 285 284 -1 -1 -1
285 286 222 -1 -1 -1
222 286 223 -1 -1 -1
286 223 224 -1 -1 -1
224 287 286 -1 -1 -1
287 288 224 -1 -1 -1
288 224 226 -1 -1 -1
288 226 290 -1 -1 -1
225 289 220 -1 -1 -1
291 228 225 -1 -1 -1
291 289 225 -1 -1 -1
226 290 227 -1 -1 -1
293 230 228 -1 -1 -1
293 291 228 -1 -1 -1
295 232 230 -1 -1 -1
295 293 230 -1 -1 -1
234 298 296 -1 -1 -1
296 233 234 -1 -1 -1
300 297 235 -1 -1 -1
235 304 300 -1 -1 -1
304 238 235 -1 -1 -1
241 240 237 -1 -1 -1
302 303 237 -1 -1 -1
241 237 242 -1 -1 -1
303 237 242 -1 -1 -1
303 242 309 -1 -1 -1
244 304 238 -1 -1 -1
311 304 244 -1 -1 -1
240 313 308 -1 -1 -1
241 246 240 -1 -1 -1
240 246 313 -1 -1 -1
241 242 246 -1 -1 -1
247 246 242 -1 -1 -1
247 242 248 -1 -1 -1
309 242 248 -1 -1 -1
249 248 243 -1 -1 -1
243 310 309 -1 -1 -1
243 248 309 -1 -1 -1
249 243 250 -1 -1 -1
313 318 246 -1 -1 -1
247 253 246 -1 -1 -1
246 253 318 -1 -1 -1
247 248 253 -1 -1 -1
191 253 248 -1 -1 -1
249 254 248 -1 -1 -1
191 248 254 -1 -1 -1
249 250 254 -1 -1 -1
319 250 314 -1 -1 -1
319 250 254 -1 -1 -1
321 318 257 -1 -1 -1
253 257 318 -1 -1 -1
254 322 258 -1 -1 -1
319 254 322 -1 -1 -1
257 325 321 -1 -1 -1
325 261 257 -1 -1 -1
322 258 262 -1 -1 -1
322 262 326 -1 -1 -1
263 323 259 -1 -1 -1
327 264 263 -1 -1 -1
263 323 327 -1 -1 -1
327 265 328 -1 -1 -1
265 327 264 -1 -1 -1
325 330 267 -1 -1 -1
267 325 261 -1 -1 -1
333 270 269 -1 -1 -1
269 333 332 -1 -1 -1
333 271 334 -1 -1 -1
271 333 270 -1 -1 -1
335 272 271 -1 -1 -1
271 335 334 -1 -1 -1
335 273 336 -1 -1 -1
273 335 272 -1 -1 -1
337 266 329 -1 -1 -1
273 337 336 -1 -1 -1
337 266 273 -1 -1 -1
330 338 274 -1 -1 -1
267 274 330 -1 -1 -1
340 338 277 -1 -1 -1
274 277 338 -1 -1 -1
341 276 275 -1 -1 -1
339 276 341 -1 -1 -1
277 342 340 -1 -1 -1
342 279 277 -1 -1 -1
278 275 281 -1 -1 -1
343 275 281 -1 -1 -1
341 275 343 -1 -1 -1
282 342 279 -1 -1 -1
344 283 282 -1 -1 -1
282 342 344 -1 -1 -1
343 281 346 -1 -1 -1
347 348 284 -1 -1 -1
284 348 285 -1 -1 -1
348 285 286 -1 -1 -1
286 349 348 -1 -1 -1
349 350 286 -1 -1 -1
286 350 287 -1 -1 -1
350 287 288 -1 -1 -1
350 352 288 -1 -1 -1
288 290 352 -1 -1 -1
290 353 352 -1 -1 -1
359 294 357 -1 -1 -1
294 296 359 -1 -1 -1
297 295 360 -1 -1 -1
295 360 358 -1 -1 -1
296 361 298 -1 -1 -1
359 361 296 -1 -1 -1
368 302 299 -1 -1 -1
302 299 303 -1 -1 -1
368 363 299 -1 -1 -1
363 299 303 -1 -1 -1
363 303 369 -1 -1 -1
369 303 309 -1 -1 -1
369 309 371 -1 -1 -1
372 311 304 -1 -1 -1
372 370 304 -1 -1 -1
308 313 307 -1 -1 -1
307 313 373 -1 -1 -1
309 371 310 -1 -1 -1
373 378 313 -1 -1 -1
313 318 378 -1 -1 -1
319 379 374 -1 -1 -1
374 314 319 -1 -1 -1
376 317 382 -1 -1 -1
385 319 379 -1 -1 -1
385 319 322 -1 -1 -1
323 380 386 -1 -1 -1
326 391 385 -1 -1 -1
385 322 326 -1 -1 -1
327 323 386 -1 -1 -1
392 328 327 -1 -1 -1
327 386 392 -1 -1 -1
395 390 330 -1 -1 -1
325 330 390 -1 -1 -1
326 396 331 -1 -1 -1
396 326 391 -1 -1 -1
397 333 398 -1 -1 -1
333 397 332 -1 -1 -1
399 334 333 -1 -1 -1
333 399 398 -1 -1 -1
335 399 334 -1 -1 -1
335 399 393 -1 -1 -1
400 336 335 -1 -1 -1
335 393 400 -1 -1 -1
394 329 337 -1 -1 -1
337 400 336 -1 -1 -1
337 400 394 -1 -1 -1
338 330 401 -1 -1 -1
330 401 395 -1 -1 -1
339 402 396 -1 -1 -1
396 331 339 -1 -1 -1
403 340 338 -1 -1 -1
403 401 338 -1 -1 -1
342 403 340 -1 -1 -1
405 403 342 -1 -1 -1
342 406 405 -1 -1 -1
342 344 406 -1 -1 -1
346 408 407 -1 -1 -1
408 343 346 -1 -1 -1
344 409 406 -1 -1 -1
410 347 348 -1 -1 -1
413 412 410 -1 -1 -1
410 413 348 -1 -1 -1
414 411 413 -1 -1 -1
348 411 349 -1 -1 -1
413 411 348 -1 -1 -1
411 349 350 -1 -1 -1
415 414 411 -1 -1 -1
411 415 350 -1 -1 -1
350 352 415 -1 -1 -1
415 418 352 -1 -1 -1
419 416 418 -1 -1 -1
352 416 353 -1 -1 -1
418 416 352 -1 -1 -1
420 419 416 -1 -1 -1
425 426 359 -1 -1 -1
426 359 361 -1 -1 -1
426 361 428 -1 -1 -1
360 435 427 -1 -1 -1
435 364 360 -1 -1 -1
361 428 362 -1 -1 -1
363 433 432 -1 -1 -1
363 368 432 -1 -1 -1
433 434 363 -1 -1 -1
369 436 434 -1 -1 -1
434 363 369 -1 -1 -1
370 435 364 -1 -1 -1
437 435 370 -1 -1 -1
372 370 439 -1 -1 -1
370 439 437 -1 -1 -1
375 372 439 -1 -1 -1
375 439 441 -1 -1 -1
377 376 373 -1 -1 -1
377 373 378 -1 -1 -1
380 375 441 -1 -1 -1
442 441 380 -1 -1 -1
443 376 382 -1 -1 -1
377 383 376 -1 -1 -1
376 383 443 -1 -1 -1
377 378 383 -1 -1 -1
384 383 378 -1 -1 -1
444 379 385 -1 -1 -1
381 382 389 -1 -1 -1
446 382 389 -1 -1 -1
443 382 446 -1 -1 -1
443 448 383 -1 -1 -1
384 390 383 -1 -1 -1
383 390 448 -1 -1 -1
391 449 444 -1 -1 -1
444 385 391 -1 -1 -1
392 451 450 -1 -1 -1
453 393 454 -1 -1 -1
393 455 454 -1 -1 -1
455 394 456 -1 -1 -1
394 457 456 -1 -1 -1
457 387 394 -1 -1 -1
446 389 459 -1 -1 -1
448 460 390 -1 -1 -1
460 395 390 -1 -1 -1
461 391 449 -1 -1 -1
461 391 396 -1 -1 -1
397 392 451 -1 -1 -1
462 398 397 -1 -1 -1
452 451 462 -1 -1 -1
397 451 462 -1 -1 -1
462 452 453 -1 -1 -1
399 462 398 -1 -1 -1
399 462 453 -1 -1 -1
393 399 453 -1 -1 -1
400 393 455 -1 -1 -1
394 400 455 -1 -1 -1
460 463 401 -1 -1 -1
401 460 395 -1 -1 -1
396 464 402 -1 -1 -1
461 396 464 -1 -1 -1
465 463 403 -1 -1 -1
401 403 463 -1 -1 -1
403 467 465 -1 -1 -1
467 405 403 -1 -1 -1
406 467 405 -1 -1 -1
469 467 406 -1 -1 -1
470 408 471 -1 -1 -1
408 470 407 -1 -1 -1
408 472 471 -1 -1 -1
406 473 469 -1 -1 -1
473 409 474 -1 -1 -1
406 409 473 -1 -1 -1
409 475 474 -1 -1 -1
407 475 470 -1 -1 -1
415 418 480 -1 -1 -1
418 481 480 -1 -1 -1
421 482 422 -1 -1 -1
486 425 426 -1 -1 -1
426 487 486 -1 -1 -1
490 491 428 -1 -1 -1
428 491 429 -1 -1 -1
491 429 430 -1 -1 -1
430 492 491 -1 -1 -1
492 493 430 -1 -1 -1
430 493 431 -1 -1 -1
493 431 432 -1 -1 -1
432 488 493 -1 -1 -1
488 494 432 -1 -1 -1
432 494 433 -1 -1 -1
494 433 434 -1 -1 -1
434 496 436 -1 -1 -1
494 496 434 -1 -1 -1
441 439 499 -1 -1 -1
441 499 501 -1 -1 -1
505 504 501 -1 -1 -1
506 502 505 -1 -1 -1
507 506 502 -1 -1 -1
444 508 503 -1 -1 -1
509 504 505 -1 -1 -1
510 505 509 -1 -1 -1
506 505 511 -1 -1 -1
511 510 505 -1 -1 -1
511 506 507 -1 -1 -1
512 507 511 -1 -1 -1
513 512 507 -1 -1 -1
447 443 446 -1 -1 -1
443 448 447 -1 -1 -1
444 515 449 -1 -1 -1
515 444 508 -1 -1 -1
517 456 455 -1 -1 -1
455 517 516 -1 -1 -1
517 457 518 -1 -1 -1
457 517 456 -1 -1 -1
519 458 457 -1 -1 -1
457 519 518 -1 -1 -1
519 459 520 -1 -1 -1
459 519 458 -1 -1 -1
459 521 520 -1 -1 -1
521 446 459 -1 -1 -1
447 446 521 -1 -1 -1
447 523 448 -1 -1 -1
448 460 523 -1 -1 -1
515 449 461 -1 -1 -1
461 524 515 -1 -1 -1
525 523 463 -1 -1 -1
460 463 523 -1 -1 -1
461 464 524 -1 -1 -1
463 526 525 -1 -1 -1
526 465 463 -1 -1 -1
527 464 466 -1 -1 -1
467 526 465 -1 -1 -1
528 526 467 -1 -1 -1
466 529 468 -1 -1 -1
527 466 529 -1 -1 -1
467 530 528 -1 -1 -1
530 469 467 -1 -1 -1
532 471 470 -1 -1 -1
470 532 531 -1 -1 -1
529 468 472 -1 -1 -1
472 532 471 -1 -1 -1
472 532 529 -1 -1 -1
473 530 469 -1 -1 -1
533 474 473 -1 -1 -1
473 530 533 -1 -1 -1
533 475 534 -1 -1 -1
475 533 474 -1 -1 -1
475 531 534 -1 -1 -1
531 470 475 -1 -1 -1
482 476 536 -1 -1 -1
539 535 538 -1 -1 -1
478 535 479 -1 -1 -1
538 535 478 -1 -1 -1
535 479 480 -1 -1 -1
540 539 535 -1 -1 -1
535 540 480 -1 -1 -1
541 540 543 -1 -1 -1
551 545 550 -1 -1 -1
486 545 487 -1 -1 -1
550 545 486 -1 -1 -1
552 551 545 -1 -1 -1
546 554 488 -1 -1 -1
488 493 546 -1 -1 -1
555 547 548 -1 -1 -1
552 490 491 -1 -1 -1
491 553 552 -1 -1 -1
554 488 494 -1 -1 -1
554 556 494 -1 -1 -1
494 496 556 -1 -1 -1
556 558 496 -1 -1 -1
496 498 558 -1 -1 -1
558 562 498 -1 -1 -1
498 500 562 -1 -1 -1
501 499 559 -1 -1 -1
560 559 566 -1 -1 -1
501 566 565 -1 -1 -1
566 565 559 -1 -1 -1
565 559 501 -1 -1 -1
566 560 561 -1 -1 -1
502 566 561 -1 -1 -1
502 561 567 -1 -1 -1
500 563 562 -1 -1 -1
563 564 500 -1 -1 -1
564 500 503 -1 -1 -1
564 503 568 -1 -1 -1
505 501 566 -1 -1 -1
502 505 566 -1 -1 -1
507 502 567 -1 -1 -1
507 567 569 -1 -1 -1
513 507 569 -1 -1 -1
571 514 513 -1 -1 -1
513 569 571 -1 -1 -1
573 517 574 -1 -1 -1
517 573 516 -1 -1 -1
575 518 517 -1 -1 -1
517 575 574 -1 -1 -1
519 575 518 -1 -1 -1
522 521 447 -1 -1 -1
522 447 523 -1 -1 -1
576 515 572 -1 -1 -1
576 515 524 -1 -1 -1
575 577 519 -1 -1 -1
577 520 578 -1 -1 -1
519 520 577 -1 -1 -1
520 579 578 -1 -1 -1
579 521 520 -1 -1 -1
527 584 583 -1 -1 -1
587 527 583 -1 -1 -1
529 587 586 -1 -1 -1
587 527 529 -1 -1 -1
589 532 590 -1 -1 -1
532 589 531 -1 -1 -1
591 529 586 -1 -1 -1
532 591 590 -1 -1 -1
591 529 532 -1 -1 -1
592 534 533 -1 -1 -1
531 592 534 -1 -1 -1
531 592 589 -1 -1 -1
540 543 595 -1 -1 -1
597 593 596 -1 -1 -1
594 593 598 -1 -1 -1
598 597 593 -1 -1 -1
598 594 595 -1 -1 -1
599 595 598 -1 -1 -1
600 599 595 -1 -1 -1
595 600 543 -1 -1 -1
546 554 607 -1 -1 -1
555 548 609 -1 -1 -1
610 596 609 -1 -1 -1
609 596 548 -1 -1 -1
597 596 611 -1 -1 -1
611 610 596 -1 -1 -1
611 597 598 -1 -1 -1
612 598 611 -1 -1 -1
599 598 613 -1 -1 -1
613 612 598 -1 -1 -1
613 599 600 -1 -1 -1
602 549 550 -1 -1 -1
550 603 602 -1 -1 -1
603 551 550 -1 -1 -1
552 604 551 -1 -1 -1
604 605 552 -1 -1 -1
552 605 553 -1 -1 -1
554 608 607 -1 -1 -1
610 609 617 -1 -1 -1
617 616 609 -1 -1 -1
617 610 611 -1 -1 -1
618 611 617 -1 -1 -1
614 615 556 -1 -1 -1
558 619 615 -1 -1 -1
615 556 558 -1 -1 -1
618 617 620 -1 -1 -1
561 617 620 -1 -1 -1
619 558 562 -1 -1 -1
619 562 621 -1 -1 -1
567 561 620 -1 -1 -1
567 620 622 -1 -1 -1
562 621 563 -1 -1 -1
621 563 564 -1 -1 -1
621 623 564 -1 -1 -1
564 568 623 -1 -1 -1
569 567 622 -1 -1 -1
569 622 624 -1 -1 -1
568 625 570 -1 -1 -1
623 625 568 -1 -1 -1
571 569 624 -1 -1 -1
571 624 626 -1 -1 -1
573 571 626 -1 -1 -1
628 574 573 -1 -1 -1
573 626 628 -1 -1 -1
628 575 629 -1 -1 -1
575 628 574 -1 -1 -1
576 630 627 -1 -1 -1
627 572 576 -1 -1 -1
632 578 577 -1 -1 -1
577 632 631 -1 -1 -1
579 632 578 -1 -1 -1
576 633 581 -1 -1 -1
633 576 630 -1 -1 -1
632 634 579 -1 -1 -1
580 582 579 -1 -1 -1
579 582 634 -1 -1 -1
633 581 584 -1 -1 -1
584 635 583 -1 -1 -1
584 635 633 -1 -1 -1
635 583 587 -1 -1 -1
587 636 586 -1 -1 -1
587 636 635 -1 -1 -1
639 590 589 -1 -1 -1
589 639 638 -1 -1 -1
636 586 591 -1 -1 -1
591 639 590 -1 -1 -1
591 639 636 -1 -1 -1
641 592 642 -1 -1 -1
592 638 642 -1 -1 -1
638 589 592 -1 -1 -1
613 600 647 -1 -1 -1
650 643 649 -1 -1 -1
602 643 603 -1 -1 -1
649 643 602 -1 -1 -1
643 603 551 -1 -1 -1
651 650 643 -1 -1 -1
643 651 551 -1 -1 -1
551 644 604 -1 -1 -1
651 644 551 -1 -1 -1
644 604 605 -1 -1 -1
605 645 644 -1 -1 -1
645 646 605 -1 -1 -1
605 646 606 -1 -1 -1
646 606 607 -1 -1 -1
646 652 607 -1 -1 -1
654 618 611 -1 -1 -1
655 647 613 -1 -1 -1
615 657 619 -1 -1 -1
620 654 618 -1 -1 -1
620 654 660 -1 -1 -1
661 655 660 -1 -1 -1
619 658 657 -1 -1 -1
658 659 619 -1 -1 -1
621 662 659 -1 -1 -1
659 619 621 -1 -1 -1
622 620 660 -1 -1 -1
661 660 663 -1 -1 -1
622 660 663 -1 -1 -1
624 622 663 -1 -1 -1
665 663 624 -1 -1 -1
668 625 666 -1 -1 -1
668 625 627 -1 -1 -1
627 670 630 -1 -1 -1
668 627 670 -1 -1 -1
632 672 631 -1 -1 -1
633 673 670 -1 -1 -1
670 630 633 -1 -1 -1
672 674 632 -1 -1 -1
632 634 674 -1 -1 -1
676 633 673 -1 -1 -1
635 676 675 -1 -1 -1
676 633 635 -1 -1 -1
674 677 634 -1 -1 -1
679 635 675 -1 -1 -1
636 679 678 -1 -1 -1
679 635 636 -1 -1 -1
681 639 682 -1 -1 -1
639 681 638 -1 -1 -1
683 636 678 -1 -1 -1
639 683 682 -1 -1 -1
683 636 639 -1 -1 -1
684 641 685 -1 -1 -1
641 684 640 -1 -1 -1
686 642 641 -1 -1 -1
641 686 685 -1 -1 -1
638 686 642 -1 -1 -1
638 686 681 -1 -1 -1
651 644 689 -1 -1 -1
646 652 691 -1 -1 -1
655 647 693 -1 -1 -1
687 650 649 -1 -1 -1
651 688 650 -1 -1 -1
688 689 651 -1 -1 -1
652 692 691 -1 -1 -1
696 656 657 -1 -1 -1
657 697 696 -1 -1 -1
697 698 657 -1 -1 -1
657 698 658 -1 -1 -1
698 658 659 -1 -1 -1
659 700 662 -1 -1 -1
698 700 659 -1 -1 -1
703 665 663 -1 -1 -1
703 701 663 -1 -1 -1
704 666 668 -1 -1 -1
668 706 704 -1 -1 -1
670 708 706 -1 -1 -1
668 670 706 -1 -1 -1
672 709 671 -1 -1 -1
670 710 673 -1 -1 -1
710 670 708 -1 -1 -1
709 711 672 -1 -1 -1
711 674 712 -1 -1 -1
672 674 711 -1 -1 -1
710 673 676 -1 -1 -1
676 713 675 -1 -1 -1
676 713 710 -1 -1 -1
713 675 679 -1 -1 -1
679 715 678 -1 -1 -1
679 715 713 -1 -1 -1
677 716 714 -1 -1 -1
677 680 716 -1 -1 -1
718 682 681 -1 -1 -1
681 718 717 -1 -1 -1
715 678 683 -1 -1 -1
683 718 682 -1 -1 -1
683 718 715 -1 -1 -1
716 719 680 -1 -1 -1
719 684 720 -1 -1 -1
680 684 719 -1 -1 -1
721 685 684 -1 -1 -1
684 721 720 -1 -1 -1
721 686 722 -1 -1 -1
686 721 685 -1 -1 -1
686 717 722 -1 -1 -1
717 681 686 -1 -1 -1
650 723 688 -1 -1 -1
729 723 650 -1 -1 -1
723 688 689 -1 -1 -1
689 724 723 -1 -1 -1
724 725 689 -1 -1 -1
689 725 690 -1 -1 -1
725 690 691 -1 -1 -1
725 730 691 -1 -1 -1
691 726 692 -1 -1 -1
730 726 691 -1 -1 -1
693 727 694 -1 -1 -1
736 699 693 -1 -1 -1
736 727 693 -1 -1 -1
731 695 696 -1 -1 -1
696 732 731 -1 -1 -1
732 733 696 -1 -1 -1
696 733 697 -1 -1 -1
733 697 698 -1 -1 -1
698 734 733 -1 -1 -1
734 735 698 -1 -1 -1
700 737 735 -1 -1 -1
735 698 700 -1 -1 -1
701 736 699 -1 -1 -1
739 736 701 -1 -1 -1
737 738 700 -1 -1 -1
702 740 738 -1 -1 -1
738 700 702 -1 -1 -1
703 701 741 -1 -1 -1
701 741 739 -1 -1 -1
705 703 741 -1 -1 -1
743 741 705 -1 -1 -1
744 704 742 -1 -1 -1
744 704 706 -1 -1 -1
706 746 708 -1 -1 -1
744 706 746 -1 -1 -1
710 748 746 -1 -1 -1
746 708 710 -1 -1 -1
751 710 748 -1 -1 -1
713 751 750 -1 -1 -1
751 710 713 -1 -1 -1
754 713 750 -1 -1 -1
715 754 753 -1 -1 -1
754 713 715 -1 -1 -1
756 718 757 -1 -1 -1
718 756 717 -1 -1 -1
758 715 753 -1 -1 -1
718 758 757 -1 -1 -1
758 715 718 -1 -1 -1
760 720 719 -1 -1 -1
719 760 759 -1 -1 -1
760 721 761 -1 -1 -1
721 760 720 -1 -1 -1
762 722 721 -1 -1 -1
721 762 761 -1 -1 -1
717 762 722 -1 -1 -1
717 762 756 -1 -1 -1
763 764 723 -1 -1 -1
723 764 724 -1 -1 -1
764 724 725 -1 -1 -1
764 766 725 -1 -1 -1
725 730 766 -1 -1 -1
730 726 768 -1 -1 -1
726 731 768 -1 -1 -1
736 727 773 -1 -1 -1
727 765 728 -1 -1 -1
773 765 727 -1 -1 -1
765 728 729 -1 -1 -1
730 767 766 -1 -1 -1
767 768 730 -1 -1 -1
731 769 768 -1 -1 -1
769 770 731 -1 -1 -1
731 770 732 -1 -1 -1
770 732 733 -1 -1 -1
733 771 770 -1 -1 -1
771 772 733 -1 -1 -1
733 772 734 -1 -1 -1
772 734 735 -1 -1 -1
735 774 737 -1 -1 -1
772 774 735 -1 -1 -1
775 739 736 -1 -1 -1
775 773 736 -1 -1 -1
774 737 738 -1 -1 -1
741 775 739 -1 -1 -1
777 775 741 -1 -1 -1
741 779 777 -1 -1 -1
779 743 741 -1 -1 -1
746 782 780 -1 -1 -1
744 746 780 -1 -1 -1
751 787 750 -1 -1 -1
789 786 787 -1 -1 -1
787 750 754 -1 -1 -1
754 789 753 -1 -1 -1
754 789 787 -1 -1 -1
792 756 793 -1 -1 -1
794 757 756 -1 -1 -1
756 794 793 -1 -1 -1
789 753 758 -1 -1 -1
758 794 757 -1 -1 -1
758 794 789 -1 -1 -1
795 760 796 -1 -1 -1
760 795 759 -1 -1 -1
797 761 760 -1 -1 -1
760 797 796 -1 -1 -1
762 797 761 -1 -1 -1
762 797 792 -1 -1 -1
756 762 792 -1 -1 -1
764 766 801 -1 -1 -1
798 799 765 -1 -1 -1
766 802 801 -1 -1 -1
802 803 766 -1 -1 -1
766 803 767 -1 -1 -1
803 767 768 -1 -1 -1
768 804 803 -1 -1 -1
804 805 768 -1 -1 -1
768 805 769 -1 -1 -1
805 769 770 -1 -1 -1
805 807 770 -1 -1 -1
770 806 771 -1 -1 -1
807 806 770 -1 -1 -1
806 771 772 -1 -1 -1
806 808 772 -1 -1 -1
772 774 808 -1 -1 -1
775 773 809 -1 -1 -1
774 810 776 -1 -1 -1
808 810 774 -1 -1 -1
811 777 775 -1 -1 -1
811 809 775 -1 -1 -1
779 811 777 -1 -1 -1
813 811 779 -1 -1 -1
779 815 813 -1 -1 -1
779 781 815 -1 -1 -1
782 816 814 -1 -1 -1
780 782 814 -1 -1 -1
791 826 790 -1 -1 -1
827 792 828 -1 -1 -1
829 793 792 -1 -1 -1
792 829 828 -1 -1 -1
794 829 793 -1 -1 -1
794 829 825 -1 -1 -1
789 794 825 -1 -1 -1
826 830 791 -1 -1 -1
830 795 831 -1 -1 -1
791 795 830 -1 -1 -1
792 797 827 -1 -1 -1
832 798 799 -1 -1 -1
799 833 832 -1 -1 -1
833 834 799 -1 -1 -1
799 834 800 -1 -1 -1
834 800 801 -1 -1 -1
801 835 834 -1 -1 -1
835 836 801 -1 -1 -1
801 836 802 -1 -1 -1
836 802 803 -1 -1 -1
836 838 803 -1 -1 -1
805 807 839 -1 -1 -1
807 806 841 -1 -1 -1
806 808 841 -1 -1 -1
807 840 839 -1 -1 -1
840 841 807 -1 -1 -1
841 843 808 -1 -1 -1
808 810 843 -1 -1 -1
811 809 844 -1 -1 -1
809 844 842 -1 -1 -1
846 813 811 -1 -1 -1
846 844 811 -1 -1 -1
815 846 813 -1 -1 -1
848 846 815 -1 -1 -1
816 849 847 -1 -1 -1
814 816 847 -1 -1 -1
815 850 848 -1 -1 -1
850 817 815 -1 -1 -1
819 850 817 -1 -1 -1
851 850 819 -1 -1 -1
819 853 851 -1 -1 -1
820 822 819 -1 -1 -1
819 822 853 -1 -1 -1
852 821 825 -1 -1 -1
825 854 852 -1 -1 -1
853 855 822 -1 -1 -1
857 826 858 -1 -1 -1
824 826 857 -1 -1 -1
860 827 861 -1 -1 -1
862 828 827 -1 -1 -1
827 862 861 -1 -1 -1
829 862 828 -1 -1 -1
829 862 854 -1 -1 -1
825 829 854 -1 -1 -1
830 858 859 -1 -1 -1
826 830 858 -1 -1 -1
832 863 833 -1 -1 -1
868 837 832 -1 -1 -1
868 863 832 -1 -1 -1
863 833 834 -1 -1 -1
834 864 863 -1 -1 -1
864 865 834 -1 -1 -1
834 865 835 -1 -1 -1
865 835 836 -1 -1 -1
836 866 865 -1 -1 -1
866 867 836 -1 -1 -1
867 836 838 -1 -1 -1
867 838 869 -1 -1 -1
839 870 869 -1 -1 -1
870 871 839 -1 -1 -1
839 871 840 -1 -1 -1
871 840 841 -1 -1 -1
841 872 871 -1 -1 -1
844 873 842 -1 -1 -1
875 873 844 -1 -1 -1
843 876 845 -1 -1 -1
876 843 874 -1 -1 -1
846 844 877 -1 -1 -1
844 877 875 -1 -1 -1
876 845 847 -1 -1 -1
847 878 876 -1 -1 -1
879 848 846 -1 -1 -1
879 877 846 -1 -1 -1
850 879 848 -1 -1 -1
881 879 850 -1 -1 -1
852 883 882 -1 -1 -1
854 885 883 -1 -1 -1
852 854 883 -1 -1 -1
853 886 884 -1 -1 -1
853 855 886 -1 -1 -1
888 858 857 -1 -1 -1
857 888 887 -1 -1 -1
888 859 889 -1 -1 -1
859 888 858 -1 -1 -1
859 890 889 -1 -1 -1
890 860 891 -1 -1 -1
892 861 860 -1 -1 -1
860 892 891 -1 -1 -1
862 892 861 -1 -1 -1
862 892 885 -1 -1 -1
854 862 885 -1 -1 -1
886 893 855 -1 -1 -1
868 863 896 -1 -1 -1
863 894 864 -1 -1 -1
896 894 863 -1 -1 -1
894 864 865 -1 -1 -1
865 895 866 -1 -1 -1
895 866 867 -1 -1 -1
895 897 867 -1 -1 -1
867 869 897 -1 -1 -1
873 868 902 -1 -1 -1
902 896 868 -1 -1 -1
869 898 897 -1 -1 -1
898 899 869 -1 -1 -1
869 899 870 -1 -1 -1
899 870 871 -1 -1 -1
871 900 899 -1 -1 -1
900 901 871 -1 -1 -1
871 901 872 -1 -1 -1
904 875 873 -1 -1 -1
904 902 873 -1 -1 -1
877 904 875 -1 -1 -1
878 906 905 -1 -1 -1
876 878 905 -1 -1 -1
879 877 907 -1 -1 -1
878 908 880 -1 -1 -1
908 878 906 -1 -1 -1
909 881 879 -1 -1 -1
909 907 879 -1 -1 -1
882 910 908 -1 -1 -1
908 880 882 -1 -1 -1
916 888 917 -1 -1 -1
888 916 887 -1 -1 -1
918 889 888 -1 -1 -1
888 918 917 -1 -1 -1
918 890 919 -1 -1 -1
890 918 889 -1 -1 -1
920 891 890 -1 -1 -1
890 920 919 -1 -1 -1
920 892 921 -1 -1 -1
892 920 891 -1 -1 -1
886 922 915 -1 -1 -1
922 893 923 -1 -1 -1
886 893 922 -1 -1 -1
893 924 923 -1 -1 -1
896 894 926 -1 -1 -1
895 897 927 -1 -1 -1
925 926 896 -1 -1 -1
897 928 927 -1 -1 -1
928 929 897 -1 -1 -1
897 929 898 -1 -1 -1
929 898 899 -1 -1 -1
899 930 929 -1 -1 -1
930 931 899 -1 -1 -1
899 931 900 -1 -1 -1
931 900 901 -1 -1 -1
901 933 903 -1 -1 -1
931 933 901 -1 -1 -1
904 902 934 -1 -1 -1
902 934 932 -1 -1 -1
905 935 933 -1 -1 -1
933 903 905 -1 -1 -1
905 937 906 -1 -1 -1
937 905 935 -1 -1 -1
908 939 937 -1 -1 -1
937 906 908 -1 -1 -1
908 941 910 -1 -1 -1
941 908 939 -1 -1 -1
943 913 911 -1 -1 -1
946 917 916 -1 -1 -1
918 946 917 -1 -1 -1
947 919 918 -1 -1 -1
947 920 948 -1 -1 -1
920 947 919 -1 -1 -1
949 921 920 -1 -1 -1
920 949 948 -1 -1 -1
922 945 915 -1 -1 -1
950 923 922 -1 -1 -1
922 945 950 -1 -1 -1
950 924 951 -1 -1 -1
924 950 923 -1 -1 -1
924 952 951 -1 -1 -1
952 916 924 -1 -1 -1
946 916 952 -1 -1 -1
956 925 926 -1 -1 -1
926 953 956 -1 -1 -1
953 957 926 -1 -1 -1
927 954 957 -1 -1 -1
954 958 927 -1 -1 -1
927 958 928 -1 -1 -1
958 928 929 -1 -1 -1
929 955 958 -1 -1 -1
955 959 929 -1 -1 -1
929 959 930 -1 -1 -1
959 930 931 -1 -1 -1
959 961 931 -1 -1 -1
931 933 961 -1 -1 -1
934 960 932 -1 -1 -1
962 960 934 -1 -1 -1
933 963 935 -1 -1 -1
961 963 933 -1 -1 -1
934 964 962 -1 -1 -1
964 936 934 -1 -1 -1
937 965 963 -1 -1 -1
963 935 937 -1 -1 -1
937 967 939 -1 -1 -1
967 937 965 -1 -1 -1
967 939 941 -1 -1 -1
941 969 967 -1 -1 -1
942 971 969 -1 -1 -1
941 942 969 -1 -1 -1
944 974 971 -1 -1 -1
942 944 971 -1 -1 -1
945 943 972 -1 -1 -1
945 972 975 -1 -1 -1
946 976 973 -1 -1 -1
977 948 947 -1 -1 -1
949 977 948 -1 -1 -1
949 977 974 -1 -1 -1
944 949 974 -1 -1 -1
950 945 975 -1 -1 -1
946 952 976 -1 -1 -1
978 979 956 -1 -1 -1
956 979 953 -1 -1 -1
979 953 957 -1 -1 -1
957 980 979 -1 -1 -1
980 981 957 -1 -1 -1
957 981 954 -1 -1 -1
981 954 958 -1 -1 -1
958 982 981 -1 -1 -1
982 983 958 -1 -1 -1
958 983 955 -1 -1 -1
983 955 959 -1 -1 -1
959 984 983 -1 -1 -1
960 987 985 -1 -1 -1
987 962 960 -1 -1 -1
988 961 986 -1 -1 -1
961 963 988 -1 -1 -1
964 987 962 -1 -1 -1
989 987 964 -1 -1 -1
963 990 965 -1 -1 -1
988 990 963 -1 -1 -1
966 989 991 -1 -1 -1
964 966 989 -1 -1 -1
990 965 967 -1 -1 -1
967 992 990 -1 -1 -1
968 966 993 -1 -1 -1
993 991 966 -1 -1 -1
969 994 992 -1 -1 -1
967 969 992 -1 -1 -1
998 973 999 -1 -1 -1
973 1000 999 -1 -1 -1
975 972 997 -1 -1 -1
975 997 1002 -1 -1 -1
976 1002 998 -1 -1 -1
973 976 998 -1 -1 -1
1003 977 1004 -1 -1 -1
1007 978 979 -1 -1 -1
979 1005 1007 -1 -1 -1
1005 1008 979 -1 -1 -1
979 1008 980 -1 -1 -1
1008 980 981 -1 -1 -1
981 1006 1008 -1 -1 -1
1006 1009 981 -1 -1 -1
981 1009 982 -1 -1 -1
1009 982 983 -1 -1 -1
983 1010 1009 -1 -1 -1
1010 1011 983 -1 -1 -1
983 1011 984 -1 -1 -1
987 1012 985 -1 -1 -1
1014 1012 987 -1 -1 -1
988 1015 1013 -1 -1 -1
1013 986 988 -1 -1 -1
987 1016 1014 -1 -1 -1
1016 989 987 -1 -1 -1
1017 988 1015 -1 -1 -1
988 990 1017 -1 -1 -1
991 1016 989 -1 -1 -1
1018 1016 991 -1 -1 -1
992 1019 1017 -1 -1 -1
990 992 1017 -1 -1 -1
993 991 1020 -1 -1 -1
991 1020 1018 -1 -1 -1
992 1021 994 -1 -1 -1
1021 992 1019 -1 -1 -1
1022 995 993 -1 -1 -1
1022 1020 993 -1 -1 -1
997 1022 995 -1 -1 -1
997 1022 1024 -1 -1 -1
1024 998 1025 -1 -1 -1
1026 999 998 -1 -1 -1
998 1026 1025 -1 -1 -1
1026 1000 1027 -1 -1 -1
1000 1026 999 -1 -1 -1
1000 1028 1027 -1 -1 -1
1002 997 1024 -1 -1 -1
998 1002 1024 -1 -1 -1
1003 1000 1028 -1 -1 -1
1030 1031 1007 -1 -1 -1
1007 1031 1005 -1 -1 -1
1031 1005 1008 -1 -1 -1
1008 1032 1031 -1 -1 -1
1032 1033 1008 -1 -1 -1
1008 1033 1006 -1 -1 -1
1033 1006 1009 -1 -1 -1
1009 1034 1033 -1 -1 -1
1034 1035 1009 -1 -1 -1
1009 1035 1010 -1 -1 -1
1035 1010 1011 -1 -1 -1
1035 1037 1011 -1 -1 -1
1011 1013 1037 -1 -1 -1
1012 1038 1036 -1 -1 -1
1038 1014 1012 -1 -1 -1
1013 1039 1015 -1 -1 -1
1037 1039 1013 -1 -1 -1
1016 1038 1014 -1 -1 -1
1040 1038 1016 -1 -1 -1
1017 1041 1039 -1 -1 -1
1039 1015 1017 -1 -1 -1
1016 1042 1040 -1 -1 -1
1042 1018 1016 -1 -1 -1
1017 1043 1019 -1 -1 -1
1043 1017 1041 -1 -1 -1
1020 1042 1018 -1 -1 -1
1044 1042 1020 -1 -1 -1
1021 1045 1043 -1 -1 -1
1043 1019 1021 -1 -1 -1
1022 1020 1046 -1 -1 -1
1020 1046 1044 -1 -1 -1
1024 1022 1046 -1 -1 -1
1050 1027 1026 -1 -1 -1
1026 1050 1049 -1 -1 -1
1050 1028 1051 -1 -1 -1
1028 1050 1027 -1 -1 -1
1028 1052 1051 -1 -1 -1
1052 1029 1053 -1 -1 -1
1056 1030 1031 -1 -1 -1
1031 1054 1056 -1 -1 -1
1054 1057 1031 -1 -1 -1
1031 1057 1032 -1 -1 -1
1057 1032 1033 -1 -1 -1
1033 1055 1057 -1 -1 -1
1055 1058 1033 -1 -1 -1
1033 1058 1034 -1 -1 -1
1058 1034 1035 -1 -1 -1
1035 1059 1058 -1 -1 -1
1038 1060 1036 -1 -1 -1
1062 1060 1038 -1 -1 -1
1038 1064 1062 -1 -1 -1
1064 1040 1038 -1 -1 -1
1039 1065 1041 -1 -1 -1
1065 1039 1063 -1 -1 -1
1042 1064 1040 -1 -1 -1
1066 1064 1042 -1 -1 -1
1043 1067 1065 -1 -1 -1
1065 1041 1043 -1 -1 -1
1042 1068 1066 -1 -1 -1
1068 1044 1042 -1 -1 -1
1043 1070 1045 -1 -1 -1
1070 1043 1067 -1 -1 -1
1046 1068 1044 -1 -1 -1
1071 1047 1046 -1 -1 -1
1046 1068 1071 -1 -1 -1
1074 1051 1050 -1 -1 -1
1050 1074 1073 -1 -1 -1
1074 1052 1075 -1 -1 -1
1052 1074 1051 -1 -1 -1
1072 1053 1052 -1 -1 -1
1052 1072 1075 -1 -1 -1
1056 1077 1076 -1 -1 -1
1083 1076 1060 -1 -1 -1
1056 1060 1076 -1 -1 -1
1077 1078 1056 -1 -1 -1
1056 1078 1054 -1 -1 -1
1078 1054 1057 -1 -1 -1
1057 1079 1078 -1 -1 -1
1079 1080 1057 -1 -1 -1
1057 1080 1055 -1 -1 -1
1080 1055 1058 -1 -1 -1
1058 1081 1080 -1 -1 -1
1081 1082 1058 -1 -1 -1
1058 1082 1059 -1 -1 -1
1060 1085 1083 -1 -1 -1
1085 1062 1060 -1 -1 -1
1064 1085 1062 -1 -1 -1
1087 1085 1064 -1 -1 -1
1065 1088 1086 -1 -1 -1
1086 1063 1065 -1 -1 -1
1064 1089 1087 -1 -1 -1
1089 1066 1064 -1 -1 -1
1065 1090 1067 -1 -1 -1
1090 1065 1088 -1 -1 -1
1068 1089 1066 -1 -1 -1
1068 1089 1091 -1 -1 -1
1090 1067 1070 -1 -1 -1
1070 1092 1069 -1 -1 -1
1070 1092 1090 -1 -1 -1
1071 1068 1091 -1 -1 -1
1071 1091 1093 -1 -1 -1
1069 1094 1072 -1 -1 -1
1069 1094 1092 -1 -1 -1
1095 1074 1096 -1 -1 -1
1074 1095 1073 -1 -1 -1
1097 1075 1074 -1 -1 -1
1074 1097 1096 -1 -1 -1
1072 1097 1075 -1 -1 -1
1072 1097 1094 -1 -1 -1
1099 1101 1080 -1 -1 -1
1099 1080 1102 -1 -1 -1
1076 1100 1077 -1 -1 -1
1104 1083 1076 -1 -1 -1
1104 1100 1076 -1 -1 -1
1100 1077 1078 -1 -1 -1
1078 1098 1100 -1 -1 -1
1098 1101 1078 -1 -1 -1
1078 1101 1079 -1 -1 -1
1101 1079 1080 -1 -1 -1
1080 1102 1081 -1 -1 -1
1102 1081 1082 -1 -1 -1
1082 1103 1102 -1 -1 -1
1085 1104 1083 -1 -1 -1
1106 1104 1085 -1 -1 -1
1085 1108 1106 -1 -1 -1
1108 1087 1085 -1 -1 -1
1086 1109 1088 -1 -1 -1
1109 1086 1107 -1 -1 -1
1089 1108 1087 -1 -1 -1
1110 1108 1089 -1 -1 -1
1090 1111 1109 -1 -1 -1
1109 1088 1090 -1 -1 -1
1093 1115 1114 -1 -1 -1
1095 1093 1115 -1 -1 -1
1117 1096 1095 -1 -1 -1
1095 1115 1117 -1 -1 -1
1117 1097 1118 -1 -1 -1
1097 1117 1096 -1 -1 -1
1119 1120 1098 -1 -1 -1
1120 1098 1101 -1 -1 -1
1099 1121 1120 -1 -1 -1
1099 1101 1120 -1 -1 -1
1121 1122 1099 -1 -1 -1
1122 1099 1102 -1 -1 -1
1122 1102 1124 -1 -1 -1
1102 1124 1103 -1 -1 -1
1104 1127 1125 -1 -1 -1
1127 1106 1104 -1 -1 -1
1127 1128 1108 -1 -1 -1
1108 1127 1106 -1 -1 -1
1128 1130 1108 -1 -1 -1
1130 1110 1108 -1 -1 -1
1109 1131 1111 -1 -1 -1
1129 1131 1109 -1 -1 -1
1115 1134 1114 -1 -1 -1
1134 1136 1115 -1 -1 -1
1136 1117 1137 -1 -1 -1
1115 1117 1136 -1 -1 -1
1138 1118 1117 -1 -1 -1
1117 1138 1137 -1 -1 -1
1139 1119 1120 -1 -1 -1
1139 1142 1120 -1 -1 -1
1120 1140 1121 -1 -1 -1
1142 1140 1120 -1 -1 -1
1140 1121 1122 -1 -1 -1
1140 1143 1122 -1 -1 -1
1122 1124 1143 -1 -1 -1
1124 1144 1143 -1 -1 -1
1144 1145 1124 -1 -1 -1
1126 1147 1145 -1 -1 -1
1145 1124 1126 -1 -1 -1
1127 1146 1125 -1 -1 -1
1148 1126 1147 -1 -1 -1
1148 1129 1150 -1 -1 -1
1131 1152 1150 -1 -1 -1
1150 1129 1131 -1 -1 -1
1155 1131 1152 -1 -1 -1
1133 1155 1154 -1 -1 -1
1155 1131 1133 -1 -1 -1
1134 1157 1156 -1 -1 -1
1136 1134 1157 -1 -1 -1
1159 1137 1136 -1 -1 -1
1136 1157 1159 -1 -1 -1
1159 1138 1160 -1 -1 -1
1138 1159 1137 -1 -1 -1
1161 1162 1139 -1 -1 -1
1162 1139 1142 -1 -1 -1
1140 1163 1162 -1 -1 -1
1140 1142 1162 -1 -1 -1
1165 1166 1143 -1 -1 -1
1143 1166 1144 -1 -1 -1
1166 1144 1145 -1 -1 -1
1145 1168 1147 -1 -1 -1
1166 1168 1145 -1 -1 -1
1146 1169 1167 -1 -1 -1
1148 1172 1168 -1 -1 -1
1168 1147 1148 -1 -1 -1
1174 1148 1172 -1 -1 -1
1148 1150 1174 -1 -1 -1
1150 1179 1152 -1 -1 -1
1174 1179 1150 -1 -1 -1
1179 1152 1155 -1 -1 -1
1155 1181 1154 -1 -1 -1
1155 1181 1179 -1 -1 -1
1182 1157 1183 -1 -1 -1
1157 1182 1156 -1 -1 -1
1159 1183 1184 -1 -1 -1
1157 1159 1183 -1 -1 -1
1186 1160 1159 -1 -1 -1
1159 1184 1186 -1 -1 -1
1190 1187 1189 -1 -1 -1
1187 1161 1162 -1 -1 -1
1191 1190 1187 -1 -1 -1
1187 1191 1162 -1 -1 -1
1192 1188 1191 -1 -1 -1
1162 1188 1163 -1 -1 -1
1191 1188 1162 -1 -1 -1
1193 1192 1188 -1 -1 -1
1190 1189 1194 -1 -1 -1
1194 1190 1191 -1 -1 -1
1195 1191 1194 -1 -1 -1
1192 1191 1196 -1 -1 -1
1196 1195 1191 -1 -1 -1
1196 1192 1193 -1 -1 -1
1197 1193 1196 -1 -1 -1
1193 1165 1166 -1 -1 -1
1198 1197 1193 -1 -1 -1
1193 1198 1166 -1 -1 -1
1166 1168 1198 -1 -1 -1
1170 1199 1194 -1 -1 -1
1195 1194 1200 -1 -1 -1
1170 1194 1200 -1 -1 -1
1200 1195 1196 -1 -1 -1
1171 1200 1196 -1 -1 -1
1197 1196 1201 -1 -1 -1
1171 1196 1201 -1 -1 -1
1201 1197 1198 -1 -1 -1
1203 1199 1202 -1 -1 -1
1202 1173 1169 -1 -1 -1
1202 1199 1169 -1 -1 -1
1204 1203 1199 -1 -1 -1
1199 1204 1170 -1 -1 -1
1205 1200 1204 -1 -1 -1
1204 1200 1170 -1 -1 -1
1206 1205 1200 -1 -1 -1
1200 1206 1171 -1 -1 -1
1207 1201 1206 -1 -1 -1
1206 1201 1171 -1 -1 -1
1208 1207 1201 -1 -1 -1
1175 1202 1173 -1 -1 -1
1203 1202 1209 -1 -1 -1
1175 1202 1209 -1 -1 -1
1209 1203 1204 -1 -1 -1
1176 1209 1204 -1 -1 -1
1205 1204 1210 -1 -1 -1
1176 1204 1210 -1 -1 -1
1210 1205 1206 -1 -1 -1
1177 1210 1206 -1 -1 -1
1207 1206 1211 -1 -1 -1
1177 1206 1211 -1 -1 -1
1211 1207 1208 -1 -1 -1
1178 1211 1208 -1 -1 -1
1174 1212 1179 -1 -1 -1
1178 1208 1212 -1 -1 -1
1208 1212 1174 -1 -1 -1
1180 1175 1209 -1 -1 -1
1180 1209 1213 -1 -1 -1
1209 1213 1176 -1 -1 -1
1214 1210 1213 -1 -1 -1
1213 1210 1176 -1 -1 -1
1215 1214 1210 -1 -1 -1
1210 1215 1177 -1 -1 -1
1216 1211 1215 -1 -1 -1
1215 1211 1177 -1 -1 -1
1217 1216 1211 -1 -1 -1
1211 1217 1178 -1 -1 -1
1212 1179 1181 -1 -1 -1
1181 1217 1212 -1 -1 -1
1217 1212 1178 -1 -1 -1
1182 1180 1213 -1 -1 -1
1218 1183 1182 -1 -1 -1
1214 1213 1218 -1 -1 -1
1182 1213 1218 -1 -1 -1
1218 1214 1215 -1 -1 -1
1184 1218 1183 -1 -1 -1
1184 1218 1215 -1 -1 -1
1216 1215 1219 -1 -1 -1
1184 1215 1219 -1 -1 -1
1219 1216 1217 -1 -1 -1
1185 1219 1217 -1 -1 -1
1181 1185 1217 -1 -1 -1
1186 1184 1219 -1 -1 -1
1185 1186 1219 -1 -1 -1
6 1220 5 -1 -1 -1
1220 44 43 -1 -1 -1
5 1220 43 -1 -1 -1
44 1220 45 -1 -1 -1
1220 6 7 -1 -1 -1
1220 7 45 -1 -1 -1
1221 10 5 -1 -1 -1
53 1221 49 -1 -1 -1
1221 5 49 -1 -1 -1
10 1221 17 -1 -1 -1
44 1222 43 -1 -1 -1
1222 72 71 -1 -1 -1
43 1222 71 -1 -1 -1
72 1222 73 -1 -1 -1
1222 44 45 -1 -1 -1
1222 45 73 -1 -1 -1
72 1223 71 -1 -1 -1
1223 103 102 -1 -1 -1
71 1223 102 -1 -1 -1
103 1223 104 -1 -1 -1
1223 72 73 -1 -1 -1
1223 73 104 -1 -1 -1
19 1 20 -1 -1 -1
19 26 1224 -1 -1 -1
1224 2 19 -1 -1 -1
2 19 1 -1 -1 -1
1 1224 2 -1 -1 -1
1 3 1224 -1 -1 -1
26 1224 3 -1 -1 -1
1225 13 12 -1 -1 -1
1 1225 12 -1 -1 -1
13 1225 14 -1 -1 -1
1226 21 14 -1 -1 -1
1225 1226 14 -1 -1 -1
21 1226 27 -1 -1 -1
1226 3 27 -1 -1 -1
51 1227 54 -1 -1 -1
1227 54 50 -1 -1 -1
50 51 1227 -1 -1 -1
1228 1225 1 -1 -1 -1
1228 1226 1225 -1 -1 -1
3 1228 1 -1 -1 -1
1226 1228 3 -1 -1 -1
16 1229 15 -1 -1 -1
1229 53 52 -1 -1 -1
15 1229 52 -1 -1 -1
53 1229 1221 -1 -1 -1
1229 16 17 -1 -1 -1
1221 1229 17 -1 -1 -1
68 1230 67 -1 -1 -1
1230 40 39 -1 -1 -1
1230 39 67 -1 -1 -1
40 1230 41 -1 -1 -1
1230 68 69 -1 -1 -1
41 1230 69 -1 -1 -1
66 1231 65 -1 -1 -1
1231 38 37 -1 -1 -1
1231 37 65 -1 -1 -1
38 1231 39 -1 -1 -1
1231 66 67 -1 -1 -1
39 1231 67 -1 -1 -1
98 1232 97 -1 -1 -1
1232 66 65 -1 -1 -1
1232 65 97 -1 -1 -1
66 1232 67 -1 -1 -1
1232 98 99 -1 -1 -1
67 1232 99 -1 -1 -1
47 1233 46 -1 -1 -1
1233 75 74 -1 -1 -1
46 1233 74 -1 -1 -1
75 1233 76 -1 -1 -1
1233 47 48 -1 -1 -1
1233 48 76 -1 -1 -1
1234 80 78 -1 -1 -1
51 1234 48 -1 -1 -1
48 1234 78 -1 -1 -1
1234 51 54 -1 -1 -1
80 1234 82 -1 -1 -1
1234 54 82 -1 -1 -1
1235 108 76 -1 -1 -1
110 1235 78 -1 -1 -1
1235 76 78 -1 -1 -1
1236 87 85 -1 -1 -1
59 1236 57 -1 -1 -1
57 1236 85 -1 -1 -1
1236 59 61 -1 -1 -1
87 1236 89 -1 -1 -1
1236 61 89 -1 -1 -1
1237 62 60 -1 -1 -1
90 1237 88 -1 -1 -1
1237 60 88 -1 -1 -1
1237 90 92 -1 -1 -1
1238 90 88 -1 -1 -1
122 1238 120 -1 -1 -1
1238 88 120 -1 -1 -1
90 1238 92 -1 -1 -1
93 1239 92 -1 -1 -1
1239 62 1237 -1 -1 -1
1239 1237 92 -1 -1 -1
62 1239 63 -1 -1 -1
1239 93 94 -1 -1 -1
63 1239 94 -1 -1 -1
100 1240 99 -1 -1 -1
1240 68 67 -1 -1 -1
1240 67 99 -1 -1 -1
68 1240 69 -1 -1 -1
1240 100 101 -1 -1 -1
69 1240 101 -1 -1 -1
138 1241 102 -1 -1 -1
1241 141 107 -1 -1 -1
102 1241 107 -1 -1 -1
1241 138 171 -1 -1 -1
141 1241 174 -1 -1 -1
174 1241 171 -1 -1 -1
141 1242 107 -1 -1 -1
1242 143 109 -1 -1 -1
107 1242 109 -1 -1 -1
1242 141 174 -1 -1 -1
143 1242 176 -1 -1 -1
176 1242 174 -1 -1 -1
1243 138 102 -1 -1 -1
1243 134 167 -1 -1 -1
138 1243 171 -1 -1 -1
171 1243 167 -1 -1 -1
1244 170 137 -1 -1 -1
172 1244 139 -1 -1 -1
1244 137 139 -1 -1 -1
170 1244 224 -1 -1 -1
1244 172 226 -1 -1 -1
224 1244 226 -1 -1 -1
105 1245 104 -1 -1 -1
1245 136 135 -1 -1 -1
104 1245 135 -1 -1 -1
136 1245 137 -1 -1 -1
1245 105 106 -1 -1 -1
1245 106 137 -1 -1 -1
103 1246 102 -1 -1 -1
1246 134 1243 -1 -1 -1
1246 1243 102 -1 -1 -1
134 1246 135 -1 -1 -1
1246 103 104 -1 -1 -1
1246 104 135 -1 -1 -1
354 1247 291 -1 -1 -1
1247 356 293 -1 -1 -1
291 1247 293 -1 -1 -1
356 1247 421 -1 -1 -1
75 1248 74 -1 -1 -1
74 1248 106 -1 -1 -1
1248 75 76 -1 -1 -1
108 1249 76 -1 -1 -1
1249 1248 76 -1 -1 -1
108 1250 1249 -1 -1 -1
1250 140 139 -1 -1 -1
1249 1250 139 -1 -1 -1
1251 1250 108 -1 -1 -1
1235 1251 108 -1 -1 -1
1252 140 1250 -1 -1 -1
1252 1251 142 -1 -1 -1
1252 1250 1251 -1 -1 -1
140 1252 173 -1 -1 -1
1252 142 175 -1 -1 -1
173 1252 175 -1 -1 -1
110 1253 1235 -1 -1 -1
1251 1253 142 -1 -1 -1
1235 1253 1251 -1 -1 -1
1254 142 1253 -1 -1 -1
142 1254 175 -1 -1 -1
1254 144 177 -1 -1 -1
175 1254 177 -1 -1 -1
1255 144 1254 -1 -1 -1
1255 1253 110 -1 -1 -1
1255 1254 1253 -1 -1 -1
1255 110 112 -1 -1 -1
143 1256 109 -1 -1 -1
1256 145 111 -1 -1 -1
109 1256 111 -1 -1 -1
1256 143 176 -1 -1 -1
145 1256 178 -1 -1 -1
178 1256 176 -1 -1 -1
145 1257 111 -1 -1 -1
1257 147 114 -1 -1 -1
111 1257 114 -1 -1 -1
1257 145 178 -1 -1 -1
147 1258 114 -1 -1 -1
114 1258 116 -1 -1 -1
1257 1259 147 -1 -1 -1
180 1259 178 -1 -1 -1
178 1259 1257 -1 -1 -1
1259 180 182 -1 -1 -1
147 1259 1258 -1 -1 -1
1258 1259 182 -1 -1 -1
83 1260 82 -1 -1 -1
1260 113 112 -1 -1 -1
82 1260 112 -1 -1 -1
1261 113 1260 -1 -1 -1
1261 115 148 -1 -1 -1
113 1262 112 -1 -1 -1
1255 1262 144 -1 -1 -1
112 1262 1255 -1 -1 -1
1263 1262 113 -1 -1 -1
1261 1263 113 -1 -1 -1
146 1263 148 -1 -1 -1
1263 1261 148 -1 -1 -1
1264 144 1262 -1 -1 -1
1264 1263 146 -1 -1 -1
1264 1262 1263 -1 -1 -1
144 1264 177 -1 -1 -1
1264 146 179 -1 -1 -1
177 1264 179 -1 -1 -1
1265 231 177 -1 -1 -1
233 1265 179 -1 -1 -1
1265 177 179 -1 -1 -1
231 1265 294 -1 -1 -1
1265 233 296 -1 -1 -1
294 1265 296 -1 -1 -1
236 1266 234 -1 -1 -1
1266 236 239 -1 -1 -1
301 1266 305 -1 -1 -1
1266 239 305 -1 -1 -1
1267 298 234 -1 -1 -1
1267 1266 301 -1 -1 -1
1267 234 1266 -1 -1 -1
298 1267 361 -1 -1 -1
1268 149 117 -1 -1 -1
151 1268 119 -1 -1 -1
1268 117 119 -1 -1 -1
149 1268 183 -1 -1 -1
1268 151 185 -1 -1 -1
1268 185 183 -1 -1 -1
1269 245 239 -1 -1 -1
187 1269 185 -1 -1 -1
185 1269 239 -1 -1 -1
1269 187 190 -1 -1 -1
1270 312 305 -1 -1 -1
245 1270 239 -1 -1 -1
239 1270 305 -1 -1 -1
312 1270 317 -1 -1 -1
1271 245 1269 -1 -1 -1
252 1271 190 -1 -1 -1
1271 1269 190 -1 -1 -1
1271 1272 245 -1 -1 -1
1272 1270 245 -1 -1 -1
1272 316 317 -1 -1 -1
1270 1272 317 -1 -1 -1
1272 1273 316 -1 -1 -1
252 1273 1271 -1 -1 -1
1273 1272 1271 -1 -1 -1
1274 229 175 -1 -1 -1
231 1274 177 -1 -1 -1
1274 175 177 -1 -1 -1
229 1274 292 -1 -1 -1
1274 231 294 -1 -1 -1
292 1274 294 -1 -1 -1
1275 115 1261 -1 -1 -1
1275 1260 83 -1 -1 -1
1275 1261 1260 -1 -1 -1
1275 83 85 -1 -1 -1
115 1275 117 -1 -1 -1
1275 85 117 -1 -1 -1
1276 1238 122 -1 -1 -1
1276 124 92 -1 -1 -1
1276 92 1238 -1 -1 -1
1276 122 154 -1 -1 -1
124 1276 156 -1 -1 -1
1276 154 156 -1 -1 -1
124 1277 92 -1 -1 -1
1277 124 156 -1 -1 -1
126 1277 158 -1 -1 -1
1277 156 158 -1 -1 -1
1278 1277 126 -1 -1 -1
1278 93 92 -1 -1 -1
1278 92 1277 -1 -1 -1
93 1278 94 -1 -1 -1
1279 96 94 -1 -1 -1
126 1279 1278 -1 -1 -1
1278 1279 94 -1 -1 -1
1280 1279 126 -1 -1 -1
1280 126 158 -1 -1 -1
1280 158 160 -1 -1 -1
1281 96 1279 -1 -1 -1
1280 1281 1279 -1 -1 -1
96 1281 97 -1 -1 -1
97 1281 128 -1 -1 -1
1282 1281 1280 -1 -1 -1
1281 1282 128 -1 -1 -1
1282 1280 160 -1 -1 -1
128 1282 160 -1 -1 -1
129 1283 128 -1 -1 -1
1283 98 97 -1 -1 -1
1283 97 128 -1 -1 -1
98 1283 99 -1 -1 -1
1283 129 130 -1 -1 -1
99 1283 130 -1 -1 -1
1284 129 128 -1 -1 -1
129 1284 130 -1 -1 -1
1284 164 165 -1 -1 -1
130 1284 165 -1 -1 -1
161 1285 128 -1 -1 -1
1285 164 1284 -1 -1 -1
1285 1284 128 -1 -1 -1
1285 161 203 -1 -1 -1
164 1285 208 -1 -1 -1
1285 203 208 -1 -1 -1
328 1286 265 -1 -1 -1
1286 332 269 -1 -1 -1
265 1286 269 -1 -1 -1
1286 328 392 -1 -1 -1
332 1286 397 -1 -1 -1
1286 392 397 -1 -1 -1
1287 162 132 -1 -1 -1
166 1287 133 -1 -1 -1
1287 132 133 -1 -1 -1
162 1287 204 -1 -1 -1
1287 166 210 -1 -1 -1
1287 210 204 -1 -1 -1
1288 198 159 -1 -1 -1
205 1288 163 -1 -1 -1
1288 159 163 -1 -1 -1
198 1288 260 -1 -1 -1
1288 205 266 -1 -1 -1
1288 266 260 -1 -1 -1
1289 324 260 -1 -1 -1
329 1289 266 -1 -1 -1
1289 260 266 -1 -1 -1
324 1289 387 -1 -1 -1
1289 329 394 -1 -1 -1
1289 394 387 -1 -1 -1
131 1290 130 -1 -1 -1
1290 100 99 -1 -1 -1
1290 99 130 -1 -1 -1
100 1290 101 -1 -1 -1
1290 131 132 -1 -1 -1
101 1290 132 -1 -1 -1
1248 1291 106 -1 -1 -1
1249 1291 1248 -1 -1 -1
106 1291 139 -1 -1 -1
1291 1249 139 -1 -1 -1
1258 1292 116 -1 -1 -1
116 1292 150 -1 -1 -1
1292 1258 182 -1 -1 -1
150 1292 182 -1 -1 -1
311 1293 244 -1 -1 -1
1293 315 251 -1 -1 -1
244 1293 251 -1 -1 -1
1293 311 372 -1 -1 -1
315 1293 375 -1 -1 -1
1293 372 375 -1 -1 -1
364 1294 360 -1 -1 -1
1294 300 297 -1 -1 -1
1294 297 360 -1 -1 -1
300 1294 304 -1 -1 -1
1294 364 370 -1 -1 -1
304 1294 370 -1 -1 -1
315 1295 251 -1 -1 -1
1295 315 375 -1 -1 -1
1295 375 380 -1 -1 -1
1296 255 251 -1 -1 -1
1295 1296 251 -1 -1 -1
1297 1296 1295 -1 -1 -1
1296 1297 323 -1 -1 -1
1297 1295 380 -1 -1 -1
323 1297 380 -1 -1 -1
255 1298 251 -1 -1 -1
192 1298 197 -1 -1 -1
1299 1298 255 -1 -1 -1
1299 259 197 -1 -1 -1
1299 197 1298 -1 -1 -1
1299 255 1296 -1 -1 -1
259 1299 323 -1 -1 -1
1299 1296 323 -1 -1 -1
442 1300 380 -1 -1 -1
1300 445 386 -1 -1 -1
380 1300 386 -1 -1 -1
445 1300 509 -1 -1 -1
504 1301 501 -1 -1 -1
1301 442 441 -1 -1 -1
1301 441 501 -1 -1 -1
1301 1300 442 -1 -1 -1
1301 504 509 -1 -1 -1
1300 1301 509 -1 -1 -1
189 1302 154 -1 -1 -1
1302 192 156 -1 -1 -1
154 1302 156 -1 -1 -1
1302 189 251 -1 -1 -1
192 1302 1298 -1 -1 -1
1298 1302 251 -1 -1 -1
1303 155 123 -1 -1 -1
157 1303 125 -1 -1 -1
1303 123 125 -1 -1 -1
155 1303 190 -1 -1 -1
1303 157 193 -1 -1 -1
1303 193 190 -1 -1 -1
1304 227 173 -1 -1 -1
229 1304 175 -1 -1 -1
1304 173 175 -1 -1 -1
227 1304 290 -1 -1 -1
1304 229 292 -1 -1 -1
290 1304 292 -1 -1 -1
1305 353 290 -1 -1 -1
355 1305 292 -1 -1 -1
1305 290 292 -1 -1 -1
353 1305 416 -1 -1 -1
1305 355 420 -1 -1 -1
416 1305 420 -1 -1 -1
1306 355 292 -1 -1 -1
357 1306 294 -1 -1 -1
1306 292 294 -1 -1 -1
355 1306 420 -1 -1 -1
1307 180 178 -1 -1 -1
180 1307 182 -1 -1 -1
182 1307 235 -1 -1 -1
232 1308 178 -1 -1 -1
1308 1307 178 -1 -1 -1
1308 232 295 -1 -1 -1
297 1308 295 -1 -1 -1
1308 1309 1307 -1 -1 -1
1307 1309 235 -1 -1 -1
1309 1308 297 -1 -1 -1
235 1309 297 -1 -1 -1
1310 199 194 -1 -1 -1
261 1310 257 -1 -1 -1
1310 194 257 -1 -1 -1
1310 261 267 -1 -1 -1
199 1310 206 -1 -1 -1
206 1310 267 -1 -1 -1
1311 252 190 -1 -1 -1
256 1311 193 -1 -1 -1
1311 190 193 -1 -1 -1
1311 1312 252 -1 -1 -1
1312 1273 252 -1 -1 -1
1312 1313 320 -1 -1 -1
256 1313 1311 -1 -1 -1
1313 1312 1311 -1 -1 -1
1313 256 260 -1 -1 -1
1314 268 262 -1 -1 -1
207 1314 200 -1 -1 -1
200 1314 262 -1 -1 -1
1314 207 213 -1 -1 -1
268 1314 276 -1 -1 -1
1314 213 276 -1 -1 -1
1315 331 326 -1 -1 -1
268 1315 262 -1 -1 -1
262 1315 326 -1 -1 -1
1315 268 276 -1 -1 -1
331 1315 339 -1 -1 -1
1315 276 339 -1 -1 -1
1316 212 211 -1 -1 -1
212 1316 213 -1 -1 -1
1316 278 275 -1 -1 -1
213 1316 275 -1 -1 -1
1317 402 339 -1 -1 -1
404 1317 341 -1 -1 -1
1317 339 341 -1 -1 -1
402 1317 464 -1 -1 -1
1317 404 466 -1 -1 -1
1317 466 464 -1 -1 -1
1318 404 341 -1 -1 -1
1318 341 343 -1 -1 -1
404 1318 466 -1 -1 -1
1319 581 576 -1 -1 -1
524 1319 576 -1 -1 -1
581 1319 584 -1 -1 -1
1319 527 584 -1 -1 -1
1320 524 464 -1 -1 -1
1320 464 527 -1 -1 -1
1320 1319 524 -1 -1 -1
1319 1320 527 -1 -1 -1
748 1321 746 -1 -1 -1
1321 784 782 -1 -1 -1
746 1321 782 -1 -1 -1
784 1321 787 -1 -1 -1
1321 748 751 -1 -1 -1
1321 751 787 -1 -1 -1
1322 912 883 -1 -1 -1
914 1322 885 -1 -1 -1
1322 883 885 -1 -1 -1
912 1322 942 -1 -1 -1
1322 914 944 -1 -1 -1
1322 944 942 -1 -1 -1
1323 914 885 -1 -1 -1
921 1323 892 -1 -1 -1
1323 885 892 -1 -1 -1
914 1323 944 -1 -1 -1
1323 921 949 -1 -1 -1
1323 949 944 -1 -1 -1
1324 910 882 -1 -1 -1
912 1324 883 -1 -1 -1
1324 882 883 -1 -1 -1
910 1324 941 -1 -1 -1
1324 912 942 -1 -1 -1
1324 942 941 -1 -1 -1
1325 468 466 -1 -1 -1
1318 1325 466 -1 -1 -1
468 1325 472 -1 -1 -1
1325 408 472 -1 -1 -1
1326 345 344 -1 -1 -1
1326 344 409 -1 -1 -1
345 1326 346 -1 -1 -1
346 1326 407 -1 -1 -1
1327 1326 409 -1 -1 -1
1326 1327 407 -1 -1 -1
1327 409 475 -1 -1 -1
407 1327 475 -1 -1 -1
588 1328 530 -1 -1 -1
530 1328 533 -1 -1 -1
1328 1329 533 -1 -1 -1
533 1329 592 -1 -1 -1
1329 1328 641 -1 -1 -1
592 1329 641 -1 -1 -1
1330 588 530 -1 -1 -1
588 1331 1328 -1 -1 -1
1331 640 641 -1 -1 -1
1328 1331 641 -1 -1 -1
1330 1332 588 -1 -1 -1
1332 1331 588 -1 -1 -1
1333 1332 637 -1 -1 -1
1333 640 1331 -1 -1 -1
1333 1331 1332 -1 -1 -1
1333 637 680 -1 -1 -1
640 1333 684 -1 -1 -1
1333 680 684 -1 -1 -1
1334 528 526 -1 -1 -1
585 1334 582 -1 -1 -1
1334 526 582 -1 -1 -1
1334 585 1330 -1 -1 -1
528 1334 530 -1 -1 -1
1334 1330 530 -1 -1 -1
1335 525 523 -1 -1 -1
1335 580 582 -1 -1 -1
525 1335 526 -1 -1 -1
526 1335 582 -1 -1 -1
580 1336 579 -1 -1 -1
1336 522 521 -1 -1 -1
1336 521 579 -1 -1 -1
522 1336 523 -1 -1 -1
1335 1336 580 -1 -1 -1
523 1336 1335 -1 -1 -1
1316 1337 278 -1 -1 -1
215 1337 211 -1 -1 -1
211 1337 1316 -1 -1 -1
1337 215 218 -1 -1 -1
278 1337 281 -1 -1 -1
1337 218 281 -1 -1 -1
1338 280 218 -1 -1 -1
283 1338 219 -1 -1 -1
1338 218 219 -1 -1 -1
1338 283 344 -1 -1 -1
345 1339 344 -1 -1 -1
1338 1339 280 -1 -1 -1
344 1339 1338 -1 -1 -1
280 1339 281 -1 -1 -1
1339 345 346 -1 -1 -1
281 1339 346 -1 -1 -1
1340 436 369 -1 -1 -1
438 1340 371 -1 -1 -1
1340 369 371 -1 -1 -1
436 1340 496 -1 -1 -1
1340 438 498 -1 -1 -1
496 1340 498 -1 -1 -1
1341 438 371 -1 -1 -1
440 1341 374 -1 -1 -1
1341 371 374 -1 -1 -1
438 1341 498 -1 -1 -1
1341 440 500 -1 -1 -1
498 1341 500 -1 -1 -1
1342 310 243 -1 -1 -1
314 1342 250 -1 -1 -1
1342 243 250 -1 -1 -1
310 1342 371 -1 -1 -1
1342 314 374 -1 -1 -1
371 1342 374 -1 -1 -1
1343 614 615 -1 -1 -1
656 1343 657 -1 -1 -1
1343 615 657 -1 -1 -1
1344 662 621 -1 -1 -1
664 1344 623 -1 -1 -1
1344 621 623 -1 -1 -1
662 1344 700 -1 -1 -1
1344 664 702 -1 -1 -1
700 1344 702 -1 -1 -1
1345 740 702 -1 -1 -1
742 1345 704 -1 -1 -1
1345 702 704 -1 -1 -1
740 1346 738 -1 -1 -1
1346 776 774 -1 -1 -1
738 1346 774 -1 -1 -1
740 1347 1346 -1 -1 -1
1347 740 1345 -1 -1 -1
1346 1348 776 -1 -1 -1
778 1348 1347 -1 -1 -1
1347 1348 1346 -1 -1 -1
776 1348 810 -1 -1 -1
1349 1345 742 -1 -1 -1
1349 778 1347 -1 -1 -1
1349 1347 1345 -1 -1 -1
778 1349 780 -1 -1 -1
1349 742 744 -1 -1 -1
1349 744 780 -1 -1 -1
1350 1348 778 -1 -1 -1
1350 812 810 -1 -1 -1
1350 810 1348 -1 -1 -1
812 1350 814 -1 -1 -1
1350 778 780 -1 -1 -1
1350 780 814 -1 -1 -1
1351 664 623 -1 -1 -1
666 1351 625 -1 -1 -1
1351 623 625 -1 -1 -1
664 1351 702 -1 -1 -1
1351 666 704 -1 -1 -1
702 1351 704 -1 -1 -1
572 1352 515 -1 -1 -1
570 1352 625 -1 -1 -1
1352 572 627 -1 -1 -1
1352 627 625 -1 -1 -1
1353 570 568 -1 -1 -1
508 1353 503 -1 -1 -1
503 1353 568 -1 -1 -1
1353 508 515 -1 -1 -1
1353 1352 570 -1 -1 -1
1352 1353 515 -1 -1 -1
656 1354 1343 -1 -1 -1
1354 656 696 -1 -1 -1
653 1355 652 -1 -1 -1
1355 653 1354 -1 -1 -1
695 1355 696 -1 -1 -1
1355 1354 696 -1 -1 -1
1356 692 652 -1 -1 -1
695 1356 1355 -1 -1 -1
1355 1356 652 -1 -1 -1
692 1356 726 -1 -1 -1
1356 695 731 -1 -1 -1
726 1356 731 -1 -1 -1
1357 608 554 -1 -1 -1
614 1357 556 -1 -1 -1
1357 554 556 -1 -1 -1
1358 1357 614 -1 -1 -1
653 1358 1354 -1 -1 -1
1343 1358 614 -1 -1 -1
1354 1358 1343 -1 -1 -1
1359 653 652 -1 -1 -1
608 1359 607 -1 -1 -1
607 1359 652 -1 -1 -1
1359 608 1357 -1 -1 -1
1359 1358 653 -1 -1 -1
1358 1359 1357 -1 -1 -1
1360 606 605 -1 -1 -1
606 1360 607 -1 -1 -1
1360 546 607 -1 -1 -1
1360 1361 546 -1 -1 -1
492 1362 491 -1 -1 -1
1362 546 1361 -1 -1 -1
1362 492 493 -1 -1 -1
1362 493 546 -1 -1 -1
1363 1362 1361 -1 -1 -1
1363 553 491 -1 -1 -1
1363 491 1362 -1 -1 -1
1363 1361 1360 -1 -1 -1
553 1363 605 -1 -1 -1
1363 1360 605 -1 -1 -1
302 1364 237 -1 -1 -1
1364 308 240 -1 -1 -1
237 1364 240 -1 -1 -1
1364 302 368 -1 -1 -1
1365 321 318 -1 -1 -1
384 1365 378 -1 -1 -1
1365 318 378 -1 -1 -1
1365 384 390 -1 -1 -1
321 1365 325 -1 -1 -1
325 1365 390 -1 -1 -1
1366 320 1313 -1 -1 -1
324 1366 260 -1 -1 -1
1366 1313 260 -1 -1 -1
1366 324 387 -1 -1 -1
388 1367 387 -1 -1 -1
1366 1367 320 -1 -1 -1
387 1367 1366 -1 -1 -1
1367 388 389 -1 -1 -1
458 1368 457 -1 -1 -1
1368 388 387 -1 -1 -1
1368 387 457 -1 -1 -1
388 1368 389 -1 -1 -1
1368 458 459 -1 -1 -1
389 1368 459 -1 -1 -1
347 1369 284 -1 -1 -1
1369 351 289 -1 -1 -1
284 1369 289 -1 -1 -1
1369 347 410 -1 -1 -1
351 1370 289 -1 -1 -1
1370 354 291 -1 -1 -1
289 1370 291 -1 -1 -1
412 1371 410 -1 -1 -1
1371 351 1369 -1 -1 -1
1371 1369 410 -1 -1 -1
1372 1370 351 -1 -1 -1
1371 1372 351 -1 -1 -1
412 1373 1371 -1 -1 -1
1372 1373 417 -1 -1 -1
1371 1373 1372 -1 -1 -1
417 1373 476 -1 -1 -1
356 1374 293 -1 -1 -1
1374 358 295 -1 -1 -1
293 1374 295 -1 -1 -1
1374 356 421 -1 -1 -1
424 1375 421 -1 -1 -1
1375 358 1374 -1 -1 -1
1375 1374 421 -1 -1 -1
358 1375 360 -1 -1 -1
1376 487 426 -1 -1 -1
490 1376 428 -1 -1 -1
1376 426 428 -1 -1 -1
487 1376 545 -1 -1 -1
1376 490 552 -1 -1 -1
545 1376 552 -1 -1 -1
301 1377 1267 -1 -1 -1
1377 362 361 -1 -1 -1
1267 1377 361 -1 -1 -1
1378 362 1377 -1 -1 -1
362 1378 428 -1 -1 -1
365 1379 1378 -1 -1 -1
1379 429 428 -1 -1 -1
1378 1379 428 -1 -1 -1
429 1379 430 -1 -1 -1
1379 365 366 -1 -1 -1
1379 366 430 -1 -1 -1
367 1380 366 -1 -1 -1
1380 431 430 -1 -1 -1
366 1380 430 -1 -1 -1
431 1380 432 -1 -1 -1
1380 367 368 -1 -1 -1
1380 368 432 -1 -1 -1
308 1381 307 -1 -1 -1
1381 367 366 -1 -1 -1
307 1381 366 -1 -1 -1
367 1381 368 -1 -1 -1
1364 1381 308 -1 -1 -1
1381 1364 368 -1 -1 -1
306 1382 305 -1 -1 -1
365 1382 366 -1 -1 -1
1382 306 307 -1 -1 -1
1382 307 366 -1 -1 -1
1383 1306 357 -1 -1 -1
1383 423 420 -1 -1 -1
1383 420 1306 -1 -1 -1
1383 357 359 -1 -1 -1
1383 1384 423 -1 -1 -1
425 1384 359 -1 -1 -1
359 1384 1383 -1 -1 -1
1384 425 486 -1 -1 -1
1385 365 1378 -1 -1 -1
1385 1377 301 -1 -1 -1
1385 1378 1377 -1 -1 -1
1385 301 305 -1 -1 -1
365 1385 1382 -1 -1 -1
1382 1385 305 -1 -1 -1
1386 306 305 -1 -1 -1
306 1386 307 -1 -1 -1
307 1386 373 -1 -1 -1
312 1387 305 -1 -1 -1
305 1387 1386 -1 -1 -1
1387 312 317 -1 -1 -1
1387 317 376 -1 -1 -1
1387 1388 1386 -1 -1 -1
1386 1388 373 -1 -1 -1
1388 1387 376 -1 -1 -1
373 1388 376 -1 -1 -1
1389 440 374 -1 -1 -1
1389 374 379 -1 -1 -1
440 1389 500 -1 -1 -1
500 1389 503 -1 -1 -1
1390 1389 379 -1 -1 -1
444 1390 379 -1 -1 -1
1389 1390 503 -1 -1 -1
1390 444 503 -1 -1 -1
316 1391 317 -1 -1 -1
1391 381 382 -1 -1 -1
317 1391 382 -1 -1 -1
1392 316 1273 -1 -1 -1
1392 1312 320 -1 -1 -1
1392 1273 1312 -1 -1 -1
316 1392 1391 -1 -1 -1
1391 1393 381 -1 -1 -1
320 1393 1392 -1 -1 -1
1392 1393 1391 -1 -1 -1
1393 320 1367 -1 -1 -1
381 1393 389 -1 -1 -1
1393 1367 389 -1 -1 -1
1394 1318 343 -1 -1 -1
1394 343 408 -1 -1 -1
1394 1325 1318 -1 -1 -1
1325 1394 408 -1 -1 -1
1395 479 478 -1 -1 -1
414 1395 413 -1 -1 -1
413 1395 478 -1 -1 -1
1395 414 415 -1 -1 -1
479 1395 480 -1 -1 -1
1395 415 480 -1 -1 -1
1396 481 418 -1 -1 -1
1397 541 540 -1 -1 -1
481 1397 480 -1 -1 -1
480 1397 540 -1 -1 -1
1397 481 1396 -1 -1 -1
1396 1398 483 -1 -1 -1
419 1398 418 -1 -1 -1
418 1398 1396 -1 -1 -1
1398 419 420 -1 -1 -1
424 1399 1375 -1 -1 -1
1399 427 360 -1 -1 -1
1375 1399 360 -1 -1 -1
1400 427 1399 -1 -1 -1
427 1400 435 -1 -1 -1
1400 489 495 -1 -1 -1
435 1400 495 -1 -1 -1
497 1401 495 -1 -1 -1
1401 437 435 -1 -1 -1
1401 435 495 -1 -1 -1
437 1401 439 -1 -1 -1
1401 497 499 -1 -1 -1
439 1401 499 -1 -1 -1
489 1402 495 -1 -1 -1
1402 547 555 -1 -1 -1
495 1402 555 -1 -1 -1
1403 489 1400 -1 -1 -1
1403 1399 424 -1 -1 -1
1403 1400 1399 -1 -1 -1
1403 1404 489 -1 -1 -1
1404 1402 489 -1 -1 -1
484 1405 482 -1 -1 -1
1405 424 421 -1 -1 -1
1405 421 482 -1 -1 -1
424 1405 1403 -1 -1 -1
1404 1405 484 -1 -1 -1
1405 1404 1403 -1 -1 -1
1406 547 1402 -1 -1 -1
1406 1404 484 -1 -1 -1
1406 1402 1404 -1 -1 -1
547 1406 548 -1 -1 -1
542 1407 536 -1 -1 -1
1407 484 482 -1 -1 -1
1407 482 536 -1 -1 -1
484 1407 1406 -1 -1 -1
1407 542 548 -1 -1 -1
1406 1407 548 -1 -1 -1
1408 417 476 -1 -1 -1
422 1408 482 -1 -1 -1
482 1408 476 -1 -1 -1
1409 537 536 -1 -1 -1
477 1409 476 -1 -1 -1
476 1409 536 -1 -1 -1
1409 477 478 -1 -1 -1
537 1409 538 -1 -1 -1
1409 478 538 -1 -1 -1
1410 477 476 -1 -1 -1
1410 1373 412 -1 -1 -1
1410 476 1373 -1 -1 -1
1410 412 413 -1 -1 -1
477 1410 478 -1 -1 -1
1410 413 478 -1 -1 -1
1411 422 421 -1 -1 -1
1411 1247 354 -1 -1 -1
1411 421 1247 -1 -1 -1
422 1411 1408 -1 -1 -1
1412 1372 417 -1 -1 -1
1412 354 1370 -1 -1 -1
1372 1412 1370 -1 -1 -1
354 1412 1411 -1 -1 -1
1408 1412 417 -1 -1 -1
1411 1412 1408 -1 -1 -1
557 1413 555 -1 -1 -1
1413 497 495 -1 -1 -1
1413 495 555 -1 -1 -1
497 1413 499 -1 -1 -1
1413 557 559 -1 -1 -1
499 1413 559 -1 -1 -1
445 1414 386 -1 -1 -1
1414 450 392 -1 -1 -1
386 1414 392 -1 -1 -1
1414 445 509 -1 -1 -1
1415 450 1414 -1 -1 -1
510 1415 509 -1 -1 -1
1415 1414 509 -1 -1 -1
1415 510 511 -1 -1 -1
450 1415 451 -1 -1 -1
451 1415 511 -1 -1 -1
1416 452 451 -1 -1 -1
512 1416 511 -1 -1 -1
1416 451 511 -1 -1 -1
1416 512 513 -1 -1 -1
452 1416 453 -1 -1 -1
453 1416 513 -1 -1 -1
1417 516 455 -1 -1 -1
1417 514 571 -1 -1 -1
516 1417 573 -1 -1 -1
1417 571 573 -1 -1 -1
667 1418 626 -1 -1 -1
1418 669 628 -1 -1 -1
626 1418 628 -1 -1 -1
1418 667 705 -1 -1 -1
669 1418 707 -1 -1 -1
1418 705 707 -1 -1 -1
665 1419 624 -1 -1 -1
1419 667 626 -1 -1 -1
624 1419 626 -1 -1 -1
1419 665 703 -1 -1 -1
667 1419 705 -1 -1 -1
1419 703 705 -1 -1 -1
1420 454 453 -1 -1 -1
514 1420 513 -1 -1 -1
1420 453 513 -1 -1 -1
1417 1420 514 -1 -1 -1
454 1420 455 -1 -1 -1
1420 1417 455 -1 -1 -1
423 1421 420 -1 -1 -1
1421 483 1398 -1 -1 -1
1421 1398 420 -1 -1 -1
423 1422 1421 -1 -1 -1
1422 423 1384 -1 -1 -1
485 1422 486 -1 -1 -1
1422 1384 486 -1 -1 -1
1421 1423 483 -1 -1 -1
485 1423 1422 -1 -1 -1
1422 1423 1421 -1 -1 -1
629 1424 575 -1 -1 -1
1424 631 577 -1 -1 -1
575 1424 577 -1 -1 -1
631 1424 672 -1 -1 -1
1425 1396 483 -1 -1 -1
1425 541 1397 -1 -1 -1
1425 1397 1396 -1 -1 -1
541 1425 543 -1 -1 -1
1426 544 543 -1 -1 -1
483 1426 1425 -1 -1 -1
1425 1426 543 -1 -1 -1
1426 483 1423 -1 -1 -1
1427 485 486 -1 -1 -1
549 1427 550 -1 -1 -1
1427 486 550 -1 -1 -1
1428 1423 485 -1 -1 -1
1428 544 1426 -1 -1 -1
1428 1426 1423 -1 -1 -1
1427 1428 485 -1 -1 -1
1428 1429 544 -1 -1 -1
549 1429 1427 -1 -1 -1
1427 1429 1428 -1 -1 -1
1429 549 602 -1 -1 -1
1430 560 559 -1 -1 -1
1430 616 617 -1 -1 -1
560 1430 561 -1 -1 -1
561 1430 617 -1 -1 -1
616 1431 609 -1 -1 -1
1431 557 555 -1 -1 -1
1431 555 609 -1 -1 -1
557 1431 559 -1 -1 -1
1431 616 1430 -1 -1 -1
1431 1430 559 -1 -1 -1
537 1432 536 -1 -1 -1
1432 537 538 -1 -1 -1
1432 538 593 -1 -1 -1
1433 542 536 -1 -1 -1
1433 536 1432 -1 -1 -1
542 1433 548 -1 -1 -1
548 1433 596 -1 -1 -1
1434 1433 1432 -1 -1 -1
1434 1432 593 -1 -1 -1
1433 1434 596 -1 -1 -1
1434 593 596 -1 -1 -1
1435 594 593 -1 -1 -1
539 1435 538 -1 -1 -1
538 1435 593 -1 -1 -1
1435 539 540 -1 -1 -1
594 1435 595 -1 -1 -1
1435 540 595 -1 -1 -1
1436 601 600 -1 -1 -1
544 1436 543 -1 -1 -1
543 1436 600 -1 -1 -1
1436 544 1429 -1 -1 -1
601 1436 602 -1 -1 -1
1436 1429 602 -1 -1 -1
1437 728 727 -1 -1 -1
1437 687 650 -1 -1 -1
728 1437 729 -1 -1 -1
1437 650 729 -1 -1 -1
763 1438 723 -1 -1 -1
723 1438 729 -1 -1 -1
1439 765 729 -1 -1 -1
1438 1439 729 -1 -1 -1
765 1439 799 -1 -1 -1
1439 1438 799 -1 -1 -1
1440 800 799 -1 -1 -1
1440 1438 763 -1 -1 -1
1440 799 1438 -1 -1 -1
1440 763 764 -1 -1 -1
800 1440 801 -1 -1 -1
1440 764 801 -1 -1 -1
894 1441 926 -1 -1 -1
1441 895 927 -1 -1 -1
1442 894 865 -1 -1 -1
895 1442 865 -1 -1 -1
1442 1441 894 -1 -1 -1
1441 1442 895 -1 -1 -1
1441 1443 926 -1 -1 -1
1443 1441 927 -1 -1 -1
926 1443 957 -1 -1 -1
1443 927 957 -1 -1 -1
1444 1163 1140 -1 -1 -1
1165 1444 1143 -1 -1 -1
1444 1140 1143 -1 -1 -1
1163 1444 1188 -1 -1 -1
1444 1165 1193 -1 -1 -1
1188 1444 1193 -1 -1 -1
1445 1158 1135 -1 -1 -1
1160 1445 1138 -1 -1 -1
1445 1135 1138 -1 -1 -1
1158 1445 1185 -1 -1 -1
1445 1160 1186 -1 -1 -1
1445 1186 1185 -1 -1 -1
1172 1446 1168 -1 -1 -1
1168 1446 1198 -1 -1 -1
1446 1172 1174 -1 -1 -1
1446 1174 1208 -1 -1 -1
1447 1107 1109 -1 -1 -1
1447 1109 1129 -1 -1 -1
1448 1111 1090 -1 -1 -1
1113 1448 1092 -1 -1 -1
1448 1090 1092 -1 -1 -1
1111 1448 1131 -1 -1 -1
1448 1113 1133 -1 -1 -1
1448 1133 1131 -1 -1 -1
1449 1105 1084 -1 -1 -1
1107 1449 1086 -1 -1 -1
1449 1084 1086 -1 -1 -1
1105 1449 1126 -1 -1 -1
1449 1107 1447 -1 -1 -1
1449 1447 1126 -1 -1 -1
1450 1045 1021 -1 -1 -1
1048 1450 1023 -1 -1 -1
1450 1021 1023 -1 -1 -1
1045 1450 1070 -1 -1 -1
1450 1048 1069 -1 -1 -1
1450 1069 1070 -1 -1 -1
1451 1113 1092 -1 -1 -1
1116 1451 1094 -1 -1 -1
1451 1092 1094 -1 -1 -1
1113 1451 1133 -1 -1 -1
1451 1116 1135 -1 -1 -1
1451 1135 1133 -1 -1 -1
1452 1116 1094 -1 -1 -1
1118 1452 1097 -1 -1 -1
1452 1094 1097 -1 -1 -1
1116 1452 1135 -1 -1 -1
1452 1118 1138 -1 -1 -1
1452 1138 1135 -1 -1 -1
1453 1048 1023 -1 -1 -1
1053 1453 1029 -1 -1 -1
1453 1023 1029 -1 -1 -1
1048 1453 1069 -1 -1 -1
1453 1053 1072 -1 -1 -1
1453 1072 1069 -1 -1 -1
1454 994 969 -1 -1 -1
996 1454 971 -1 -1 -1
1454 969 971 -1 -1 -1
994 1454 1021 -1 -1 -1
1454 996 1023 -1 -1 -1
1454 1023 1021 -1 -1 -1
1455 996 971 -1 -1 -1
1001 1455 974 -1 -1 -1
1455 971 974 -1 -1 -1
996 1455 1023 -1 -1 -1
1455 1001 1029 -1 -1 -1
1455 1029 1023 -1 -1 -1
1456 1001 974 -1 -1 -1
1004 1456 977 -1 -1 -1
1456 974 977 -1 -1 -1
1001 1456 1029 -1 -1 -1
1457 1004 1003 -1 -1 -1
1457 1003 1028 -1 -1 -1
1457 1456 1004 -1 -1 -1
1456 1457 1029 -1 -1 -1
1458 1457 1028 -1 -1 -1
1457 1458 1029 -1 -1 -1
1458 1028 1052 -1 -1 -1
1029 1458 1052 -1 -1 -1
1459 1000 1003 -1 -1 -1
1460 973 1000 -1 -1 -1
1459 1460 1000 -1 -1 -1
1459 1461 947 -1 -1 -1
947 1461 977 -1 -1 -1
1461 1459 1003 -1 -1 -1
977 1461 1003 -1 -1 -1
1460 1462 973 -1 -1 -1
1462 946 973 -1 -1 -1
1459 1462 1460 -1 -1 -1
1462 1459 947 -1 -1 -1
946 1463 918 -1 -1 -1
918 1463 947 -1 -1 -1
1462 1463 946 -1 -1 -1
1463 1462 947 -1 -1 -1
1447 1464 1126 -1 -1 -1
1464 1447 1129 -1 -1 -1
1126 1464 1148 -1 -1 -1
1464 1129 1148 -1 -1 -1
1198 1465 1201 -1 -1 -1
1446 1465 1198 -1 -1 -1
1201 1465 1208 -1 -1 -1
1465 1446 1208 -1 -1 -1
1167 1466 1169 -1 -1 -1
1169 1466 1199 -1 -1 -1
1467 1466 1189 -1 -1 -1
1467 1189 1194 -1 -1 -1
1466 1467 1199 -1 -1 -1
1467 1194 1199 -1 -1 -1
1164 1468 1141 -1 -1 -1
1468 1167 1146 -1 -1 -1
1141 1468 1146 -1 -1 -1
1468 1164 1189 -1 -1 -1
1468 1466 1167 -1 -1 -1
1466 1468 1189 -1 -1 -1
1469 1149 1128 -1 -1 -1
1127 1469 1128 -1 -1 -1
1149 1469 1173 -1 -1 -1
1173 1469 1169 -1 -1 -1
1146 1470 1127 -1 -1 -1
1470 1469 1127 -1 -1 -1
1470 1146 1169 -1 -1 -1
1469 1470 1169 -1 -1 -1
1149 1471 1128 -1 -1 -1
1471 1151 1130 -1 -1 -1
1128 1471 1130 -1 -1 -1
1471 1149 1173 -1 -1 -1
1151 1471 1175 -1 -1 -1
1471 1173 1175 -1 -1 -1
1110 1472 1089 -1 -1 -1
1472 1112 1091 -1 -1 -1
1089 1472 1091 -1 -1 -1
1472 1110 1130 -1 -1 -1
1112 1472 1132 -1 -1 -1
1472 1130 1132 -1 -1 -1
1151 1473 1130 -1 -1 -1
1473 1153 1132 -1 -1 -1
1130 1473 1132 -1 -1 -1
1473 1151 1175 -1 -1 -1
1153 1473 1180 -1 -1 -1
1473 1175 1180 -1 -1 -1
1153 1474 1132 -1 -1 -1
1474 1156 1134 -1 -1 -1
1132 1474 1134 -1 -1 -1
1474 1153 1180 -1 -1 -1
1156 1474 1182 -1 -1 -1
1474 1180 1182 -1 -1 -1
1112 1475 1091 -1 -1 -1
1475 1114 1093 -1 -1 -1
1091 1475 1093 -1 -1 -1
1475 1112 1132 -1 -1 -1
1114 1475 1134 -1 -1 -1
1475 1132 1134 -1 -1 -1
1123 1476 1100 -1 -1 -1
1476 1125 1104 -1 -1 -1
1100 1476 1104 -1 -1 -1
1476 1123 1141 -1 -1 -1
1125 1476 1146 -1 -1 -1
1146 1476 1141 -1 -1 -1
1161 1477 1139 -1 -1 -1
1477 1164 1141 -1 -1 -1
1139 1477 1141 -1 -1 -1
1477 1161 1187 -1 -1 -1
1164 1477 1189 -1 -1 -1
1189 1477 1187 -1 -1 -1
1119 1478 1098 -1 -1 -1
1478 1123 1100 -1 -1 -1
1098 1478 1100 -1 -1 -1
1478 1119 1139 -1 -1 -1
1123 1478 1141 -1 -1 -1
1141 1478 1139 -1 -1 -1
1030 1479 1007 -1 -1 -1
1479 1036 1012 -1 -1 -1
1007 1479 1012 -1 -1 -1
1479 1030 1056 -1 -1 -1
1036 1479 1060 -1 -1 -1
1060 1479 1056 -1 -1 -1
978 1480 956 -1 -1 -1
1480 985 960 -1 -1 -1
956 1480 960 -1 -1 -1
1480 978 1007 -1 -1 -1
985 1480 1012 -1 -1 -1
1012 1480 1007 -1 -1 -1
798 1481 765 -1 -1 -1
765 1481 773 -1 -1 -1
1481 798 832 -1 -1 -1
837 1482 832 -1 -1 -1
1482 1481 832 -1 -1 -1
1481 1483 773 -1 -1 -1
773 1483 809 -1 -1 -1
1482 1483 1481 -1 -1 -1
1483 1482 809 -1 -1 -1
837 1484 1482 -1 -1 -1
1484 842 809 -1 -1 -1
1482 1484 809 -1 -1 -1
1484 837 868 -1 -1 -1
842 1484 873 -1 -1 -1
873 1484 868 -1 -1 -1
687 1485 649 -1 -1 -1
1485 687 1437 -1 -1 -1
694 1485 727 -1 -1 -1
1485 1437 727 -1 -1 -1
612 1486 611 -1 -1 -1
611 1486 654 -1 -1 -1
1486 612 613 -1 -1 -1
1486 613 655 -1 -1 -1
1486 1487 654 -1 -1 -1
1487 1486 655 -1 -1 -1
654 1487 660 -1 -1 -1
1487 655 660 -1 -1 -1
1488 629 628 -1 -1 -1
629 1488 1424 -1 -1 -1
1488 671 672 -1 -1 -1
1424 1488 672 -1 -1 -1
669 1489 628 -1 -1 -1
1489 671 1488 -1 -1 -1
1489 1488 628 -1 -1 -1
1489 669 707 -1 -1 -1
671 1489 709 -1 -1 -1
1489 707 709 -1 -1 -1
1490 585 582 -1 -1 -1
1490 582 634 -1 -1 -1
1491 585 1490 -1 -1 -1
585 1491 1330 -1 -1 -1
1332 1491 637 -1 -1 -1
1491 1332 1330 -1 -1 -1
1492 637 1491 -1 -1 -1
1492 1491 1490 -1 -1 -1
637 1492 680 -1 -1 -1
1492 677 680 -1 -1 -1
1493 1490 634 -1 -1 -1
1493 1492 1490 -1 -1 -1
1493 634 677 -1 -1 -1
1492 1493 677 -1 -1 -1
1494 648 647 -1 -1 -1
601 1494 600 -1 -1 -1
600 1494 647 -1 -1 -1
1494 601 602 -1 -1 -1
648 1494 649 -1 -1 -1
1494 602 649 -1 -1 -1
1495 694 693 -1 -1 -1
648 1495 647 -1 -1 -1
647 1495 693 -1 -1 -1
1495 648 649 -1 -1 -1
694 1495 1485 -1 -1 -1
1485 1495 649 -1 -1 -1
1496 690 689 -1 -1 -1
645 1496 644 -1 -1 -1
644 1496 689 -1 -1 -1
1496 645 646 -1 -1 -1
690 1496 691 -1 -1 -1
1496 646 691 -1 -1 -1
699 1497 693 -1 -1 -1
1497 661 655 -1 -1 -1
1497 655 693 -1 -1 -1
661 1497 663 -1 -1 -1
1497 699 701 -1 -1 -1
663 1497 701 -1 -1 -1
712 1498 674 -1 -1 -1
1498 714 677 -1 -1 -1
674 1498 677 -1 -1 -1
1499 712 711 -1 -1 -1
712 1499 1498 -1 -1 -1
749 1500 711 -1 -1 -1
1500 752 1499 -1 -1 -1
1500 1499 711 -1 -1 -1
749 1501 1500 -1 -1 -1
747 1502 709 -1 -1 -1
1502 749 711 -1 -1 -1
709 1502 711 -1 -1 -1
1502 1503 749 -1 -1 -1
1503 1501 749 -1 -1 -1
747 1504 1502 -1 -1 -1
1503 1504 785 -1 -1 -1
1504 1503 1502 -1 -1 -1
1505 785 1504 -1 -1 -1
1506 1503 785 -1 -1 -1
1506 788 1501 -1 -1 -1
1506 1501 1503 -1 -1 -1
788 1506 824 -1 -1 -1
823 1507 822 -1 -1 -1
785 1507 1506 -1 -1 -1
1507 823 824 -1 -1 -1
1506 1507 824 -1 -1 -1
1505 1508 785 -1 -1 -1
1508 820 822 -1 -1 -1
1508 1507 785 -1 -1 -1
1507 1508 822 -1 -1 -1
783 1509 781 -1 -1 -1
1509 783 1505 -1 -1 -1
1509 1504 747 -1 -1 -1
1509 1505 1504 -1 -1 -1
1500 1510 752 -1 -1 -1
788 1510 1501 -1 -1 -1
1501 1510 1500 -1 -1 -1
1498 1511 714 -1 -1 -1
752 1511 1499 -1 -1 -1
1499 1511 1498 -1 -1 -1
714 1511 716 -1 -1 -1
1512 1511 752 -1 -1 -1
1512 755 716 -1 -1 -1
1512 716 1511 -1 -1 -1
755 1512 791 -1 -1 -1
755 1513 716 -1 -1 -1
1513 759 719 -1 -1 -1
716 1513 719 -1 -1 -1
1513 755 791 -1 -1 -1
759 1513 795 -1 -1 -1
1513 791 795 -1 -1 -1
1514 752 1510 -1 -1 -1
752 1514 1512 -1 -1 -1
1514 790 791 -1 -1 -1
1512 1514 791 -1 -1 -1
1515 1510 788 -1 -1 -1
1515 790 1514 -1 -1 -1
1515 1514 1510 -1 -1 -1
1515 788 824 -1 -1 -1
790 1515 826 -1 -1 -1
1515 824 826 -1 -1 -1
743 1516 705 -1 -1 -1
1516 745 707 -1 -1 -1
705 1516 707 -1 -1 -1
1516 743 779 -1 -1 -1
745 1516 781 -1 -1 -1
1516 779 781 -1 -1 -1
745 1517 707 -1 -1 -1
1517 747 709 -1 -1 -1
707 1517 709 -1 -1 -1
1517 745 781 -1 -1 -1
747 1517 1509 -1 -1 -1
1509 1517 781 -1 -1 -1
804 1518 803 -1 -1 -1
803 1518 838 -1 -1 -1
1518 804 805 -1 -1 -1
1518 805 839 -1 -1 -1
1518 1519 838 -1 -1 -1
1519 1518 839 -1 -1 -1
838 1519 869 -1 -1 -1
1519 839 869 -1 -1 -1
1520 796 795 -1 -1 -1
796 1520 797 -1 -1 -1
797 1520 827 -1 -1 -1
831 1521 795 -1 -1 -1
795 1521 1520 -1 -1 -1
1521 1522 1520 -1 -1 -1
1520 1522 827 -1 -1 -1
1522 1521 860 -1 -1 -1
827 1522 860 -1 -1 -1
1523 831 830 -1 -1 -1
1523 830 859 -1 -1 -1
1523 1521 831 -1 -1 -1
1521 1523 860 -1 -1 -1
1524 783 781 -1 -1 -1
817 1524 815 -1 -1 -1
1524 781 815 -1 -1 -1
1524 817 819 -1 -1 -1
820 1525 819 -1 -1 -1
1525 783 1524 -1 -1 -1
1525 1524 819 -1 -1 -1
783 1525 1505 -1 -1 -1
1508 1525 820 -1 -1 -1
1525 1508 1505 -1 -1 -1
784 1526 782 -1 -1 -1
1526 818 816 -1 -1 -1
782 1526 816 -1 -1 -1
1526 784 787 -1 -1 -1
821 1527 825 -1 -1 -1
1527 786 789 -1 -1 -1
1527 789 825 -1 -1 -1
1527 1528 786 -1 -1 -1
1528 818 1526 -1 -1 -1
786 1528 787 -1 -1 -1
1528 1526 787 -1 -1 -1
1528 1529 818 -1 -1 -1
821 1529 1527 -1 -1 -1
1527 1529 1528 -1 -1 -1
1529 821 852 -1 -1 -1
1530 872 841 -1 -1 -1
874 1530 843 -1 -1 -1
1530 841 843 -1 -1 -1
872 1530 901 -1 -1 -1
1531 1530 874 -1 -1 -1
1531 903 901 -1 -1 -1
1531 901 1530 -1 -1 -1
903 1531 905 -1 -1 -1
1531 874 876 -1 -1 -1
1531 876 905 -1 -1 -1
812 1532 810 -1 -1 -1
1532 845 843 -1 -1 -1
810 1532 843 -1 -1 -1
845 1532 847 -1 -1 -1
1532 812 814 -1 -1 -1
1532 814 847 -1 -1 -1
936 1533 934 -1 -1 -1
1533 904 934 -1 -1 -1
904 1534 877 -1 -1 -1
877 1534 907 -1 -1 -1
1533 1534 904 -1 -1 -1
1534 1533 907 -1 -1 -1
936 1535 1533 -1 -1 -1
1535 938 907 -1 -1 -1
1533 1535 907 -1 -1 -1
1535 936 964 -1 -1 -1
938 1535 966 -1 -1 -1
966 1535 964 -1 -1 -1
818 1536 816 -1 -1 -1
1536 818 1529 -1 -1 -1
1536 1529 852 -1 -1 -1
1537 849 816 -1 -1 -1
1536 1537 816 -1 -1 -1
1538 1537 1536 -1 -1 -1
1538 1536 852 -1 -1 -1
1537 1538 882 -1 -1 -1
1538 852 882 -1 -1 -1
881 1539 850 -1 -1 -1
850 1539 851 -1 -1 -1
1539 881 909 -1 -1 -1
911 1539 909 -1 -1 -1
1539 1540 851 -1 -1 -1
1540 1539 911 -1 -1 -1
940 1541 909 -1 -1 -1
909 1541 911 -1 -1 -1
1541 940 968 -1 -1 -1
1541 1542 911 -1 -1 -1
911 1542 943 -1 -1 -1
970 1543 968 -1 -1 -1
1543 1542 1541 -1 -1 -1
1543 1541 968 -1 -1 -1
1543 943 1542 -1 -1 -1
1543 970 972 -1 -1 -1
943 1543 972 -1 -1 -1
995 1544 993 -1 -1 -1
1544 970 968 -1 -1 -1
1544 968 993 -1 -1 -1
970 1544 972 -1 -1 -1
1544 995 997 -1 -1 -1
972 1544 997 -1 -1 -1
913 1545 911 -1 -1 -1
884 1545 886 -1 -1 -1
1546 1545 913 -1 -1 -1
1546 915 886 -1 -1 -1
1546 886 1545 -1 -1 -1
1546 913 943 -1 -1 -1
915 1546 945 -1 -1 -1
1546 943 945 -1 -1 -1
1547 951 950 -1 -1 -1
1547 950 975 -1 -1 -1
951 1547 952 -1 -1 -1
952 1547 976 -1 -1 -1
1548 1547 975 -1 -1 -1
1547 1548 976 -1 -1 -1
1548 975 1002 -1 -1 -1
976 1548 1002 -1 -1 -1
1549 851 1540 -1 -1 -1
1549 884 853 -1 -1 -1
851 1549 853 -1 -1 -1
1549 1540 911 -1 -1 -1
884 1549 1545 -1 -1 -1
1545 1549 911 -1 -1 -1
938 1550 907 -1 -1 -1
1550 940 909 -1 -1 -1
907 1550 909 -1 -1 -1
1550 938 966 -1 -1 -1
940 1550 968 -1 -1 -1
968 1550 966 -1 -1 -1
856 1551 855 -1 -1 -1
1551 823 822 -1 -1 -1
1551 822 855 -1 -1 -1
823 1551 824 -1 -1 -1
1551 856 857 -1 -1 -1
824 1551 857 -1 -1 -1
849 1552 847 -1 -1 -1
1552 880 878 -1 -1 -1
847 1552 878 -1 -1 -1
880 1552 882 -1 -1 -1
1552 849 1537 -1 -1 -1
1552 1537 882 -1 -1 -1
1553 856 855 -1 -1 -1
1553 855 893 -1 -1 -1
856 1553 857 -1 -1 -1
1554 887 857 -1 -1 -1
1554 857 1553 -1 -1 -1
887 1554 916 -1 -1 -1
1554 924 916 -1 -1 -1
1555 1523 859 -1 -1 -1
1523 1555 860 -1 -1 -1
1555 859 890 -1 -1 -1
860 1555 890 -1 -1 -1
1556 1553 893 -1 -1 -1
1556 1554 1553 -1 -1 -1
1556 893 924 -1 -1 -1
1554 1556 924 -1 -1 -1
925 1557 896 -1 -1 -1
1557 932 902 -1 -1 -1
896 1557 902 -1 -1 -1
1557 925 956 -1 -1 -1
932 1557 960 -1 -1 -1
960 1557 956 -1 -1 -1
1558 984 959 -1 -1 -1
986 1558 961 -1 -1 -1
1558 959 961 -1 -1 -1
984 1558 1011 -1 -1 -1
1558 986 1013 -1 -1 -1
1011 1558 1013 -1 -1 -1
1559 1025 1024 -1 -1 -1
1047 1559 1046 -1 -1 -1
1559 1024 1046 -1 -1 -1
1025 1559 1026 -1 -1 -1
1047 1560 1559 -1 -1 -1
1560 1049 1026 -1 -1 -1
1559 1560 1026 -1 -1 -1
1560 1047 1071 -1 -1 -1
1561 1049 1560 -1 -1 -1
1561 1560 1071 -1 -1 -1
1049 1561 1050 -1 -1 -1
1562 1073 1050 -1 -1 -1
1561 1562 1050 -1 -1 -1
1073 1562 1095 -1 -1 -1
1562 1093 1095 -1 -1 -1
1563 1561 1071 -1 -1 -1
1563 1562 1561 -1 -1 -1
1563 1071 1093 -1 -1 -1
1562 1563 1093 -1 -1 -1
1564 1059 1035 -1 -1 -1
1061 1564 1037 -1 -1 -1
1564 1035 1037 -1 -1 -1
1059 1564 1082 -1 -1 -1
1564 1061 1084 -1 -1 -1
1082 1564 1084 -1 -1 -1
1565 1061 1037 -1 -1 -1
1063 1565 1039 -1 -1 -1
1565 1037 1039 -1 -1 -1
1061 1565 1084 -1 -1 -1
1565 1063 1086 -1 -1 -1
1084 1565 1086 -1 -1 -1
1566 1103 1082 -1 -1 -1
1105 1566 1084 -1 -1 -1
1566 1082 1084 -1 -1 -1
1103 1566 1124 -1 -1 -1
1566 1105 1126 -1 -1 -1
1124 1566 1126 -1 -1 -1
1567 1154 1133 -1 -1 -1
1158 1567 1135 -1 -1 -1
1567 1133 1135 -1 -1 -1
1154 1567 1181 -1 -1 -1
1567 1158 1185 -1 -1 -1
1567 1185 1181 -1 -1 -1
